Term,Polarity,Score,UsedForAcquisition,UsedForReranking
abnormal,NEG,1,Y,
abolish,NEG,1,Y,
abominable,NEG,1,Y,
abominably,NEG,1,Y,
abominate,NEG,1,Y,
abomination,NEG,1,Y,
abort,NEG,1,Y,
aborted,NEG,1,Y,
aborts,NEG,1,Y,
abound,POS,1,Y,
abounds,POS,1,Y,
abrade,NEG,1,Y,
abrasive,NEG,1,Y,
abrupt,NEG,1,Y,
abruptly,NEG,1,Y,
abscond,NEG,1,Y,
absence,NEG,1,Y,
absentee,NEG,1,Y,
absurd,NEG,1,Y,
absurdity,NEG,1,Y,
absurdly,NEG,1,Y,
absurdness,NEG,1,Y,
abundance,POS,1,Y,
abundant,POS,1,Y,
abuse,NEG,1,Y,
abused,NEG,1,Y,
abuses,NEG,1,Y,
abusive,NEG,1,Y,
abysmal,NEG,1,Y,
abysmally,NEG,1,Y,
abyss,NEG,1,Y,
accessable,POS,1,Y,
accessible,POS,1,Y,
accidental,NEG,1,Y,
acclaim,POS,1,Y,
acclaimed,POS,1,Y,
acclamation,POS,1,Y,
accolade,POS,1,Y,
accolades,POS,1,Y,
accommodative,POS,1,Y,
accomodative,POS,1,Y,
accomplish,POS,1,Y,
accomplished,POS,1,Y,
accomplishment,POS,1,Y,
accomplishments,POS,1,Y,
accost,NEG,1,Y,
accurate,POS,1,Y,
accurately,POS,1,Y,
accursed,NEG,1,Y,
accusation,NEG,1,Y,
accusations,NEG,1,Y,
accuse,NEG,1,Y,
accuses,NEG,1,Y,
accusing,NEG,1,Y,
accusingly,NEG,1,Y,
acerbate,NEG,1,Y,
acerbic,NEG,1,Y,
acerbically,NEG,1,Y,
ache,NEG,1,Y,
ached,NEG,1,Y,
aches,NEG,1,Y,
achey,NEG,1,Y,
achievable,POS,1,Y,
achievement,POS,1,Y,
achievements,POS,1,Y,
achievible,POS,1,Y,
aching,NEG,1,Y,
acrid,NEG,1,Y,
acridly,NEG,1,Y,
acridness,NEG,1,Y,
acrimonious,NEG,1,Y,
acrimoniously,NEG,1,Y,
acrimony,NEG,1,Y,
acumen,POS,1,Y,
adamant,NEG,1,Y,
adamantly,NEG,1,Y,
adaptable,POS,1,Y,
adaptive,POS,1,Y,
addict,NEG,1,Y,
addicted,NEG,1,Y,
addicting,NEG,1,Y,
addicts,NEG,1,Y,
adequate,POS,1,Y,
adjustable,POS,1,Y,
admirable,POS,1,Y,Y
admirably,POS,1,Y,
admiration,POS,1,Y,
admire,POS,1,,Y
admirer,POS,1,Y,
admiring,POS,1,Y,
admiringly,POS,1,Y,
admonish,NEG,1,Y,
admonisher,NEG,1,Y,
admonishingly,NEG,1,Y,
admonishment,NEG,1,Y,
admonition,NEG,1,Y,
adorable,POS,1,Y,Y
adore,POS,1,Y,
adored,POS,1,Y,
adorer,POS,1,Y,
adoring,POS,1,Y,
adoringly,POS,1,Y,
adroit,POS,1,Y,
adroitly,POS,1,Y,
adulate,POS,1,Y,
adulation,POS,1,Y,
adulatory,POS,1,Y,
adulterate,NEG,1,Y,
adulterated,NEG,1,Y,
adulteration,NEG,1,Y,
adulterier,NEG,1,Y,
advanced,POS,1,Y,
advantage,POS,1,,Y
advantageous,POS,1,Y,
advantageously,POS,1,Y,
advantages,POS,1,Y,
adventuresome,POS,1,Y,
adventurous,POS,1,Y,
adversarial,NEG,1,Y,
adversary,NEG,1,Y,
adverse,NEG,1,Y,
adversity,NEG,1,Y,
advocate,POS,1,Y,
advocated,POS,1,Y,
advocates,POS,1,Y,
affability,POS,1,Y,
affable,POS,1,Y,
affably,POS,1,Y,
affectation,POS,1,Y,
affection,POS,1,Y,
affectionate,POS,1,Y,
affinity,POS,1,Y,
affirm,POS,1,Y,
affirmation,POS,1,Y,
affirmative,POS,1,Y,
afflict,NEG,1,Y,
affliction,NEG,1,Y,
afflictive,NEG,1,Y,
affluence,POS,1,Y,
affluent,POS,1,Y,
afford,POS,1,Y,
affordable,POS,1,Y,
affordably,POS,1,Y,
affront,NEG,1,Y,
afordable,POS,1,Y,
afraid,NEG,1,Y,
aggravate,NEG,1,,Y
aggravating,NEG,1,Y,Y
aggravation,NEG,1,Y,
aggression,NEG,1,Y,
aggressive,NEG,1,Y,
aggressiveness,NEG,1,Y,
aggressor,NEG,1,Y,
aggrieve,NEG,1,Y,
aggrieved,NEG,1,Y,
aggrivation,NEG,1,Y,
aghast,NEG,1,Y,
agile,POS,1,Y,
agilely,POS,1,Y,
agility,POS,1,Y,
agonies,NEG,1,Y,
agonize,NEG,1,Y,
agonizing,NEG,1,Y,
agonizingly,NEG,1,Y,
agony,NEG,1,Y,
agreeable,POS,1,Y,
agreeableness,POS,1,Y,
agreeably,POS,1,Y,
aground,NEG,1,Y,
ail,NEG,1,Y,
ailing,NEG,1,Y,
ailment,NEG,1,Y,
aimless,NEG,1,Y,
alarm,NEG,1,Y,
alarmed,NEG,1,Y,
alarming,NEG,1,Y,
alarmingly,NEG,1,Y,
alienate,NEG,1,Y,
alienated,NEG,1,Y,
alienation,NEG,1,Y,
all-around,POS,1,Y,
allegation,NEG,1,Y,
allegations,NEG,1,Y,
allege,NEG,1,Y,
allergic,NEG,1,Y,
allergies,NEG,1,Y,
allergy,NEG,1,Y,
alluring,POS,1,Y,
alluringly,POS,1,Y,
aloof,NEG,1,Y,
altercation,NEG,1,Y,
altruistic,POS,1,Y,
altruistically,POS,1,Y,
amaze,POS,1,Y,
amazed,POS,1,Y,
amazement,POS,1,Y,
amazes,POS,1,Y,
amazing,POS,1,Y,
amazingly,POS,1,Y,
ambiguity,NEG,1,Y,
ambiguous,NEG,1,Y,
ambitious,POS,1,Y,
ambitiously,POS,1,Y,
ambivalence,NEG,1,Y,
ambivalent,NEG,1,Y,
ambush,NEG,1,Y,
ameliorate,POS,1,Y,
amenable,POS,1,Y,
amenity,POS,1,Y,
amiability,POS,1,Y,
amiabily,POS,1,Y,
amiable,POS,1,Y,
amicability,POS,1,Y,
amicable,POS,1,Y,
amicably,POS,1,Y,
amiss,NEG,1,Y,
amity,POS,1,Y,
ample,POS,1,Y,
amply,POS,1,Y,
amputate,NEG,1,Y,
amuse,POS,1,Y,
amusing,POS,1,Y,
amusingly,POS,1,Y,
anarchism,NEG,1,Y,
anarchist,NEG,1,Y,
anarchistic,NEG,1,Y,
anarchy,NEG,1,Y,
anemic,NEG,1,Y,
angel,POS,1,Y,
angelic,POS,1,Y,
anger,NEG,1,Y,
angrily,NEG,1,Y,
angriness,NEG,1,Y,
angry,NEG,1,Y,
anguish,NEG,1,Y,
animosity,NEG,1,Y,
annihilate,NEG,1,Y,
annihilation,NEG,1,Y,
annoy,NEG,1,,Y
annoyance,NEG,1,Y,
annoyances,NEG,1,Y,
annoyed,NEG,1,Y,
annoying,NEG,1,Y,
annoyingly,NEG,1,Y,
annoys,NEG,1,Y,
anomalous,NEG,1,Y,
anomaly,NEG,1,Y,
antagonism,NEG,1,Y,
antagonist,NEG,1,Y,
antagonistic,NEG,1,Y,
antagonize,NEG,1,Y,
anti-,NEG,1,Y,
anti-american,NEG,1,Y,
anti-israeli,NEG,1,Y,
anti-occupation,NEG,1,Y,
anti-proliferation,NEG,1,Y,
anti-semites,NEG,1,Y,
anti-social,NEG,1,Y,
anti-us,NEG,1,Y,
anti-white,NEG,1,Y,
antipathy,NEG,1,Y,
antiquated,NEG,1,Y,
antithetical,NEG,1,Y,
anxieties,NEG,1,Y,
anxiety,NEG,1,Y,
anxious,NEG,1,Y,
anxiously,NEG,1,Y,
anxiousness,NEG,1,Y,
apathetic,NEG,1,Y,
apathetically,NEG,1,Y,
apathy,NEG,1,Y,
apocalypse,NEG,1,Y,
apocalyptic,NEG,1,Y,
apologist,NEG,1,Y,
apologists,NEG,1,Y,
apotheosis,POS,1,Y,
appal,NEG,1,Y,
appall,NEG,1,Y,
appalled,NEG,1,Y,Y
appalling,NEG,1,Y,Y
appallingly,NEG,1,Y,
appeal,POS,1,Y,
applaud,POS,1,Y,
appreciable,POS,1,Y,
appreciate,POS,1,Y,
appreciated,POS,1,Y,
appreciates,POS,1,Y,
appreciation,POS,1,Y,Y
appreciative,POS,1,Y,Y
appreciatively,POS,1,Y,
apprehension,NEG,1,Y,
apprehensions,NEG,1,Y,
apprehensive,NEG,1,Y,
apprehensively,NEG,1,Y,
approval,POS,1,Y,
approve,POS,1,Y,
arbitrary,NEG,1,Y,
arcane,NEG,1,Y,
archaic,NEG,1,Y,
ardent,POS,1,Y,
ardently,POS,1,Y,
ardor,POS,1,Y,
arduous,NEG,1,Y,
arduously,NEG,1,Y,
argumentative,NEG,1,Y,
arrogance,NEG,1,Y,
arrogant,NEG,1,Y,
arrogantly,NEG,1,Y,
articulate,POS,1,Y,
ashamed,NEG,1,Y,
asinine,NEG,1,Y,
asininely,NEG,1,Y,
asinininity,NEG,1,Y,
askance,NEG,1,Y,
asperse,NEG,1,Y,
aspersion,NEG,1,Y,
aspersions,NEG,1,Y,
aspiration,POS,1,Y,
aspirations,POS,1,Y,
aspire,POS,1,Y,
assail,NEG,1,Y,
assassin,NEG,1,Y,
assassinate,NEG,1,Y,
assault,NEG,1,Y,
assult,NEG,1,Y,
assurance,POS,1,Y,
assurances,POS,1,Y,
assure,POS,1,Y,
assuredly,POS,1,Y,
assuring,POS,1,Y,
astonish,POS,1,Y,
astonished,POS,1,Y,
astonishing,POS,1,Y,
astonishingly,POS,1,Y,
astonishment,POS,1,Y,
astound,POS,1,Y,
astounded,POS,1,Y,
astounding,POS,1,Y,
astoundingly,POS,1,Y,
astray,NEG,1,Y,
astutely,POS,1,Y,
asunder,NEG,1,Y,
atrocious,NEG,1,Y,
atrocities,NEG,1,Y,
atrocity,NEG,1,Y,
atrophy,NEG,1,Y,
attack,NEG,1,Y,
attacks,NEG,1,Y,
attentive,POS,1,Y,
attraction,POS,1,Y,
attractive,POS,1,Y,
attractively,POS,1,Y,
attune,POS,1,Y,
audacious,NEG,1,Y,
audaciously,NEG,1,Y,
audaciousness,NEG,1,Y,
audacity,NEG,1,Y,
audible,POS,1,Y,
audibly,POS,1,Y,
audiciously,NEG,1,Y,
auspicious,POS,1,Y,
austere,NEG,1,Y,
authentic,POS,1,Y,
authoritarian,NEG,1,Y,
authoritative,POS,1,Y,
autocrat,NEG,1,Y,
autocratic,NEG,1,Y,
autonomous,POS,1,Y,
available,POS,1,Y,
avalanche,NEG,1,Y,
avarice,NEG,1,Y,
avaricious,NEG,1,Y,
avariciously,NEG,1,Y,
avenge,NEG,1,Y,
aver,POS,1,Y,
averse,NEG,1,Y,
aversion,NEG,1,Y,
avid,POS,1,Y,
avidly,POS,1,Y,
award,POS,1,Y,
awarded,POS,1,Y,
awards,POS,1,Y,
awe,POS,1,Y,
awed,POS,1,Y,
aweful,NEG,1,Y,
awesome,POS,1,Y,Y
awesomely,POS,1,Y,
awesomeness,POS,1,Y,
awestruck,POS,1,Y,
awful,NEG,1,Y,Y
awfully,NEG,1,Y,
awfulness,NEG,1,Y,
awkward,NEG,1,Y,Y
awkwardness,NEG,1,Y,
awsome,POS,1,Y,
ax,NEG,1,Y,
babble,NEG,1,Y,
back-logged,NEG,1,Y,
back-wood,NEG,1,Y,
back-woods,NEG,1,Y,
backache,NEG,1,Y,
backaches,NEG,1,Y,
backaching,NEG,1,Y,
backbite,NEG,1,Y,
backbiting,NEG,1,Y,
backbone,POS,1,Y,
backward,NEG,1,Y,
backwardness,NEG,1,Y,
backwood,NEG,1,Y,
backwoods,NEG,1,Y,
bad,NEG,1,Y,
badly,NEG,1,Y,Y
baffle,NEG,1,Y,
baffled,NEG,1,Y,
bafflement,NEG,1,Y,
baffling,NEG,1,Y,
bait,NEG,1,Y,
balanced,POS,1,Y,
balk,NEG,1,Y,
banal,NEG,1,Y,
banalize,NEG,1,Y,
bane,NEG,1,Y,
banish,NEG,1,Y,
banishment,NEG,1,Y,
bankrupt,NEG,1,Y,
barbarian,NEG,1,Y,
barbaric,NEG,1,Y,
barbarically,NEG,1,Y,
barbarity,NEG,1,Y,
barbarous,NEG,1,Y,
barbarously,NEG,1,Y,
bargain,POS,1,Y,
barren,NEG,1,Y,
baseless,NEG,1,Y,
bash,NEG,1,Y,
bashed,NEG,1,Y,
bashful,NEG,1,Y,
bashing,NEG,1,Y,
bastard,NEG,1,Y,
bastards,NEG,1,Y,
battered,NEG,1,Y,
battering,NEG,1,Y,
batty,NEG,1,Y,
bearish,NEG,1,Y,
beastly,NEG,1,Y,
beauteous,POS,1,Y,
beautiful,POS,1,Y,Y
beautifullly,POS,1,Y,
beautifully,POS,1,Y,
beautify,POS,1,Y,
beauty,POS,1,Y,
beckon,POS,1,Y,
beckoned,POS,1,Y,
beckoning,POS,1,Y,
beckons,POS,1,Y,
bedlam,NEG,1,Y,
bedlamite,NEG,1,Y,
befoul,NEG,1,Y,
beg,NEG,1,Y,
beggar,NEG,1,Y,
beggarly,NEG,1,Y,
begging,NEG,1,Y,
beguile,NEG,1,Y,
belabor,NEG,1,Y,
belated,NEG,1,Y,
beleaguer,NEG,1,Y,
belie,NEG,1,Y,
believable,POS,1,Y,
believeable,POS,1,Y,
belittle,NEG,1,Y,
belittled,NEG,1,Y,
belittling,NEG,1,Y,
bellicose,NEG,1,Y,
belligerence,NEG,1,Y,
belligerent,NEG,1,Y,
belligerently,NEG,1,Y,
beloved,POS,1,Y,Y
bemoan,NEG,1,Y,
bemoaning,NEG,1,Y,
bemused,NEG,1,Y,
benefactor,POS,1,Y,
beneficent,POS,1,Y,
beneficial,POS,1,Y,
beneficially,POS,1,Y,
beneficiary,POS,1,Y,
benefit,POS,1,Y,
benefits,POS,1,Y,
benevolence,POS,1,Y,
benevolent,POS,1,Y,
benifits,POS,1,Y,
bent,NEG,1,Y,
berate,NEG,1,Y,
bereave,NEG,1,Y,
bereavement,NEG,1,Y,
bereft,NEG,1,Y,
berserk,NEG,1,Y,
beseech,NEG,1,Y,
beset,NEG,1,Y,
besiege,NEG,1,Y,
besmirch,NEG,1,Y,
best,POS,1,Y,
best-known,POS,1,Y,
best-performing,POS,1,Y,
best-selling,POS,1,Y,
bestial,NEG,1,Y,
betray,NEG,1,Y,
betrayal,NEG,1,Y,
betrayals,NEG,1,Y,
betrayer,NEG,1,Y,
betraying,NEG,1,Y,
betrays,NEG,1,Y,
better,POS,1,Y,
better-known,POS,1,Y,
better-than-expected,POS,1,Y,
beutifully,POS,1,Y,
bewail,NEG,1,Y,
beware,NEG,1,Y,
bewilder,NEG,1,Y,
bewildered,NEG,1,Y,
bewildering,NEG,1,Y,
bewilderingly,NEG,1,Y,
bewilderment,NEG,1,Y,
bewitch,NEG,1,Y,
bias,NEG,1,Y,
biased,NEG,1,Y,
biases,NEG,1,Y,
bicker,NEG,1,Y,
bickering,NEG,1,Y,
bid-rigging,NEG,1,Y,
bigotries,NEG,1,Y,
bigotry,NEG,1,Y,
bitch,NEG,1,Y,
bitchy,NEG,1,Y,
biting,NEG,1,Y,
bitingly,NEG,1,Y,
bitter,NEG,1,Y,
bitterly,NEG,1,Y,
bitterness,NEG,1,Y,
bizarre,NEG,1,Y,
blab,NEG,1,Y,
blabber,NEG,1,Y,
blackmail,NEG,1,Y,
blah,NEG,1,Y,
blame,NEG,1,Y,
blameless,POS,1,Y,
blameworthy,NEG,1,Y,
bland,NEG,1,Y,
blandish,NEG,1,Y,
blaspheme,NEG,1,Y,
blasphemous,NEG,1,Y,
blasphemy,NEG,1,Y,
blasted,NEG,1,Y,
blatant,NEG,1,Y,
blatantly,NEG,1,Y,
blather,NEG,1,Y,
bleak,NEG,1,Y,
bleakly,NEG,1,Y,
bleakness,NEG,1,Y,
bleed,NEG,1,Y,
bleeding,NEG,1,Y,
bleeds,NEG,1,Y,
blemish,NEG,1,Y,
bless,POS,1,Y,
blessing,POS,1,Y,
blind,NEG,1,Y,
blinding,NEG,1,Y,
blindingly,NEG,1,Y,
blindside,NEG,1,Y,
bliss,POS,1,Y,
blissful,POS,1,Y,Y
blissfully,POS,1,Y,
blister,NEG,1,Y,
blistering,NEG,1,Y,
blithe,POS,1,Y,
bloated,NEG,1,Y,
blockage,NEG,1,Y,
blockbuster,POS,1,Y,
blockhead,NEG,1,Y,
bloodshed,NEG,1,Y,
bloodthirsty,NEG,1,Y,
bloody,NEG,1,Y,
bloom,POS,1,Y,
blossom,POS,1,Y,
blotchy,NEG,1,Y,
blow,NEG,1,Y,
blunder,NEG,1,Y,
blundering,NEG,1,Y,
blunders,NEG,1,Y,
blunt,NEG,1,Y,
blur,NEG,1,Y,
bluring,NEG,1,Y,
blurred,NEG,1,Y,
blurring,NEG,1,Y,
blurry,NEG,1,Y,
blurs,NEG,1,Y,
blurt,NEG,1,Y,
boastful,NEG,1,Y,
boggle,NEG,1,Y,
bogus,NEG,1,Y,
boil,NEG,1,Y,
boiling,NEG,1,Y,
boisterous,NEG,1,Y,
bolster,POS,1,Y,
bomb,NEG,1,Y,
bombard,NEG,1,Y,
bombardment,NEG,1,Y,
bombastic,NEG,1,Y,
bondage,NEG,1,Y,
bonkers,NEG,1,Y,
bonny,POS,1,Y,
bonus,POS,1,Y,
bonuses,POS,1,Y,
boom,POS,1,Y,
booming,POS,1,Y,
boost,POS,1,Y,
bore,NEG,1,Y,
bored,NEG,1,Y,
boredom,NEG,1,Y,
bores,NEG,1,Y,
boring,NEG,1,Y,
botch,NEG,1,Y,
bother,NEG,1,Y,
bothered,NEG,1,Y,
bothering,NEG,1,Y,
bothers,NEG,1,Y,
bothersome,NEG,1,Y,
boundless,POS,1,Y,
bountiful,POS,1,Y,
bowdlerize,NEG,1,Y,
boycott,NEG,1,Y,
braggart,NEG,1,Y,
bragger,NEG,1,Y,
brainiest,POS,1,Y,
brainless,NEG,1,Y,
brainwash,NEG,1,Y,
brainy,POS,1,Y,
brand-new,POS,1,Y,
brash,NEG,1,Y,
brashly,NEG,1,Y,
brashness,NEG,1,Y,
brat,NEG,1,Y,
bravado,NEG,1,Y,
brave,POS,1,Y,
bravery,POS,1,Y,
bravo,POS,1,Y,
brazen,NEG,1,Y,
brazenly,NEG,1,Y,
brazenness,NEG,1,Y,
breach,NEG,1,Y,
break,NEG,1,Y,
break-up,NEG,1,Y,
break-ups,NEG,1,Y,
breakdown,NEG,1,Y,
breaking,NEG,1,Y,
breaks,NEG,1,Y,
breakthrough,POS,1,Y,
breakthroughs,POS,1,Y,
breakup,NEG,1,Y,
breakups,NEG,1,Y,
breathlessness,POS,1,Y,
breathtaking,POS,1,Y,
breathtakingly,POS,1,Y,
breeze,POS,1,Y,
bribery,NEG,1,Y,
bright,POS,1,Y,
brighten,POS,1,Y,
brighter,POS,1,Y,
brightest,POS,1,Y,
brilliance,POS,1,Y,
brilliances,POS,1,Y,
brilliant,POS,1,Y,
brilliantly,POS,1,Y,
brimstone,NEG,1,Y,
brisk,POS,1,Y,
bristle,NEG,1,Y,
brittle,NEG,1,Y,
broke,NEG,1,Y,
broken,NEG,1,Y,
broken-hearted,NEG,1,Y,
brood,NEG,1,Y,
brotherly,POS,1,Y,
browbeat,NEG,1,Y,
bruise,NEG,1,Y,
bruised,NEG,1,Y,
bruises,NEG,1,Y,
bruising,NEG,1,Y,
brusque,NEG,1,Y,
brutal,NEG,1,Y,
brutalising,NEG,1,Y,
brutalities,NEG,1,Y,
brutality,NEG,1,Y,
brutalize,NEG,1,Y,
brutalizing,NEG,1,Y,
brutally,NEG,1,Y,
brute,NEG,1,Y,
brutish,NEG,1,Y,
bs,NEG,1,Y,
buckle,NEG,1,Y,
bug,NEG,1,Y,
bugging,NEG,1,Y,
buggy,NEG,1,Y,
bugs,NEG,1,Y,
bulkier,NEG,1,Y,
bulkiness,NEG,1,Y,
bulky,NEG,1,Y,
bulkyness,NEG,1,Y,
bull----,NEG,1,Y,
bull****,NEG,1,Y,
bullies,NEG,1,Y,
bullish,POS,1,Y,
bullshit,NEG,1,Y,
bullshyt,NEG,1,Y,
bully,NEG,1,Y,
bullying,NEG,1,Y,
bullyingly,NEG,1,Y,
bum,NEG,1,Y,
bump,NEG,1,Y,
bumped,NEG,1,Y,
bumping,NEG,1,Y,
bumpping,NEG,1,Y,
bumps,NEG,1,Y,
bumpy,NEG,1,Y,
bungle,NEG,1,Y,
bungler,NEG,1,Y,
bungling,NEG,1,Y,
bunk,NEG,1,Y,
buoyant,POS,1,Y,
burden,NEG,1,Y,
burdensome,NEG,1,Y,
burdensomely,NEG,1,Y,
burn,NEG,1,Y,
burned,NEG,1,Y,
burning,NEG,1,Y,
burns,NEG,1,Y,
bust,NEG,1,Y,
busts,NEG,1,Y,
busybody,NEG,1,Y,
butcher,NEG,1,Y,
butchery,NEG,1,Y,
buzzing,NEG,1,Y,
byzantine,NEG,1,Y,
cackle,NEG,1,Y,
cajole,POS,1,Y,
calamities,NEG,1,Y,
calamitous,NEG,1,Y,
calamitously,NEG,1,Y,
calamity,NEG,1,Y,
callous,NEG,1,Y,
calm,POS,1,Y,
calming,POS,1,Y,
calmness,POS,1,Y,
calumniate,NEG,1,Y,
calumniation,NEG,1,Y,
calumnies,NEG,1,Y,
calumnious,NEG,1,Y,
calumniously,NEG,1,Y,
calumny,NEG,1,Y,
cancer,NEG,1,Y,
cancerous,NEG,1,Y,
cannibal,NEG,1,Y,
cannibalize,NEG,1,Y,
capability,POS,1,Y,
capable,POS,1,Y,
capably,POS,1,Y,
capitulate,NEG,1,Y,
capricious,NEG,1,Y,
capriciously,NEG,1,Y,
capriciousness,NEG,1,Y,
capsize,NEG,1,Y,
captivate,POS,1,Y,
captivating,POS,1,Y,
carefree,POS,1,Y,
careless,NEG,1,Y,
carelessness,NEG,1,Y,
caricature,NEG,1,Y,
carnage,NEG,1,Y,
carp,NEG,1,Y,
cartoonish,NEG,1,Y,
cash-strapped,NEG,1,Y,
cashback,POS,1,Y,
cashbacks,POS,1,Y,
castigate,NEG,1,Y,
castrated,NEG,1,Y,
casualty,NEG,1,Y,
cataclysm,NEG,1,Y,
cataclysmal,NEG,1,Y,
cataclysmic,NEG,1,Y,
cataclysmically,NEG,1,Y,
catastrophe,NEG,1,Y,
catastrophes,NEG,1,Y,
catastrophic,NEG,1,Y,Y
catastrophically,NEG,1,Y,
catastrophies,NEG,1,Y,
catchy,POS,1,Y,
caustic,NEG,1,Y,
caustically,NEG,1,Y,
cautionary,NEG,1,Y,
cave,NEG,1,Y,
celebrate,POS,1,Y,
celebrated,POS,1,Y,
celebration,POS,1,Y,
celebratory,POS,1,Y,
censure,NEG,1,Y,
chafe,NEG,1,Y,
chaff,NEG,1,Y,
chagrin,NEG,1,Y,
challenging,NEG,1,Y,
champ,POS,1,Y,
champion,POS,1,Y,
chaos,NEG,1,Y,
chaotic,NEG,1,Y,
charisma,POS,1,Y,
charismatic,POS,1,Y,
charitable,POS,1,Y,
charm,POS,1,Y,
charming,POS,1,Y,
charmingly,POS,1,Y,
chaste,POS,1,Y,
chasten,NEG,1,Y,
chastise,NEG,1,Y,
chastisement,NEG,1,Y,
chatter,NEG,1,Y,
chatterbox,NEG,1,Y,
cheap,NEG,1,Y,
cheapen,NEG,1,Y,
cheaper,POS,1,Y,
cheapest,POS,1,Y,
cheaply,NEG,1,Y,
cheat,NEG,1,Y,
cheated,NEG,1,Y,
cheater,NEG,1,Y,
cheating,NEG,1,Y,
cheats,NEG,1,Y,
checkered,NEG,1,Y,
cheer,POS,1,Y,
cheerful,POS,1,Y,
cheerless,NEG,1,Y,
cheery,POS,1,Y,
cheesy,NEG,1,Y,
cherish,POS,1,Y,
cherished,POS,1,Y,
cherub,POS,1,Y,
chic,POS,1,Y,
chide,NEG,1,Y,
childish,NEG,1,Y,
chill,NEG,1,Y,
chilly,NEG,1,Y,
chintzy,NEG,1,Y,
chivalrous,POS,1,Y,
chivalry,POS,1,Y,
choke,NEG,1,Y,
choleric,NEG,1,Y,
choppy,NEG,1,Y,
chore,NEG,1,Y,
chronic,NEG,1,Y,
chunky,NEG,1,Y,
civility,POS,1,Y,
civilize,POS,1,Y,
clamor,NEG,1,Y,
clamorous,NEG,1,Y,
clarity,POS,1,Y,
clash,NEG,1,Y,
classic,POS,1,Y,
classy,POS,1,Y,
clean,POS,1,Y,
cleaner,POS,1,Y,
cleanest,POS,1,Y,
cleanliness,POS,1,Y,
cleanly,POS,1,Y,
clear,POS,1,Y,
clear-cut,POS,1,Y,
cleared,POS,1,Y,
clearer,POS,1,Y,
clearly,POS,1,Y,
clears,POS,1,Y,
clever,POS,1,Y,
cleverly,POS,1,Y,
cliche,NEG,1,Y,
cliched,NEG,1,Y,
clique,NEG,1,Y,
clog,NEG,1,Y,
clogged,NEG,1,Y,
clogs,NEG,1,Y,
cloud,NEG,1,Y,
clouding,NEG,1,Y,
cloudy,NEG,1,Y,
clueless,NEG,1,Y,
clumsy,NEG,1,Y,
clunky,NEG,1,Y,
coarse,NEG,1,Y,
cocky,NEG,1,Y,
coerce,NEG,1,Y,
coercion,NEG,1,Y,
coercive,NEG,1,Y,
cohere,POS,1,Y,
coherence,POS,1,Y,
coherent,POS,1,Y,
cohesive,POS,1,Y,
cold,NEG,1,Y,
coldly,NEG,1,Y,
collapse,NEG,1,Y,
collude,NEG,1,Y,
collusion,NEG,1,Y,
colorful,POS,1,Y,
combative,NEG,1,Y,
combust,NEG,1,Y,
comely,POS,1,Y,
comfort,POS,1,Y,
comfortable,POS,1,Y,Y
comfortably,POS,1,Y,
comforting,POS,1,Y,
comfy,POS,1,Y,
comical,NEG,1,Y,
commend,POS,1,Y,
commendable,POS,1,Y,
commendably,POS,1,Y,
commiserate,NEG,1,Y,
commitment,POS,1,Y,
commodious,POS,1,Y,
commonplace,NEG,1,Y,
commotion,NEG,1,Y,
commotions,NEG,1,Y,
compact,POS,1,Y,
compactly,POS,1,Y,
compassion,POS,1,Y,
compassionate,POS,1,Y,
compatible,POS,1,Y,
competitive,POS,1,Y,
complacent,NEG,1,Y,
complain,NEG,1,Y,
complained,NEG,1,Y,
complaining,NEG,1,Y,
complains,NEG,1,Y,
complaint,NEG,1,Y,
complaints,NEG,1,Y,
complement,POS,1,Y,
complementary,POS,1,Y,
complemented,POS,1,Y,
complements,POS,1,Y,
complex,NEG,1,Y,
compliant,POS,1,Y,
complicated,NEG,1,Y,
complication,NEG,1,Y,
complicit,NEG,1,Y,
compliment,POS,1,Y,
complimentary,POS,1,Y,
comprehensive,POS,1,Y,
compulsion,NEG,1,Y,
compulsive,NEG,1,Y,
concede,NEG,1,Y,
conceded,NEG,1,Y,
conceit,NEG,1,Y,
conceited,NEG,1,Y,
concen,NEG,1,Y,
concens,NEG,1,Y,
concern,NEG,1,Y,
concerned,NEG,1,Y,
concerns,NEG,1,Y,
concession,NEG,1,Y,
concessions,NEG,1,Y,
conciliate,POS,1,Y,
conciliatory,POS,1,Y,
concise,POS,1,Y,
condemn,NEG,1,Y,
condemnable,NEG,1,Y,
condemnation,NEG,1,Y,
condemned,NEG,1,Y,
condemns,NEG,1,Y,
condescend,NEG,1,Y,
condescending,NEG,1,Y,
condescendingly,NEG,1,Y,
condescension,NEG,1,Y,
confess,NEG,1,Y,
confession,NEG,1,Y,
confessions,NEG,1,Y,
confidence,POS,1,Y,
confident,POS,1,Y,
confined,NEG,1,Y,
conflict,NEG,1,Y,
conflicted,NEG,1,Y,
conflicting,NEG,1,Y,
conflicts,NEG,1,Y,
confound,NEG,1,Y,
confounded,NEG,1,Y,
confounding,NEG,1,Y,
confront,NEG,1,Y,
confrontation,NEG,1,Y,
confrontational,NEG,1,Y,
confuse,NEG,1,Y,
confused,NEG,1,Y,
confuses,NEG,1,Y,
confusing,NEG,1,Y,
confusion,NEG,1,Y,
confusions,NEG,1,Y,
congenial,POS,1,Y,
congested,NEG,1,Y,
congestion,NEG,1,Y,
congratulate,POS,1,Y,
congratulation,POS,1,Y,
congratulations,POS,1,Y,
congratulatory,POS,1,Y,
cons,NEG,1,Y,
conscientious,POS,1,Y,
conscons,NEG,1,Y,
conservative,NEG,1,Y,
considerate,POS,1,Y,
consistent,POS,1,Y,
consistently,POS,1,Y,
conspicuous,NEG,1,Y,
conspicuously,NEG,1,Y,
conspiracies,NEG,1,Y,
conspiracy,NEG,1,Y,
conspirator,NEG,1,Y,
conspiratorial,NEG,1,Y,
conspire,NEG,1,Y,
consternation,NEG,1,Y,
constructive,POS,1,Y,
consummate,POS,1,Y,
contagious,NEG,1,Y,
contaminate,NEG,1,Y,
contaminated,NEG,1,Y,
contaminates,NEG,1,Y,
contaminating,NEG,1,Y,
contamination,NEG,1,Y,
contempt,NEG,1,Y,
contemptible,NEG,1,Y,
contemptuous,NEG,1,Y,
contemptuously,NEG,1,Y,
contend,NEG,1,Y,
contention,NEG,1,Y,
contentious,NEG,1,Y,
contentment,POS,1,Y,
continuity,POS,1,Y,
contort,NEG,1,Y,
contortions,NEG,1,Y,
contradict,NEG,1,Y,
contradiction,NEG,1,Y,
contradictory,NEG,1,Y,
contrariness,NEG,1,Y,
contrasty,POS,1,Y,
contravene,NEG,1,Y,
contribution,POS,1,Y,
contrive,NEG,1,Y,
contrived,NEG,1,Y,
controversial,NEG,1,Y,
controversy,NEG,1,Y,
convenience,POS,1,Y,
convenient,POS,1,Y,
conveniently,POS,1,Y,
convience,POS,1,Y,
convienient,POS,1,Y,
convient,POS,1,Y,
convincing,POS,1,Y,
convincingly,POS,1,Y,
convoluted,NEG,1,Y,
cool,POS,1,Y,
coolest,POS,1,Y,
cooperative,POS,1,Y,
cooperatively,POS,1,Y,
cornerstone,POS,1,Y,
correct,POS,1,Y,
correctly,POS,1,Y,
corrode,NEG,1,Y,
corrosion,NEG,1,Y,
corrosions,NEG,1,Y,
corrosive,NEG,1,Y,
corrupt,NEG,1,Y,
corrupted,NEG,1,Y,
corrupting,NEG,1,Y,
corruption,NEG,1,Y,
corrupts,NEG,1,Y,
corruptted,NEG,1,Y,
cost-effective,POS,1,Y,
cost-saving,POS,1,Y,
costlier,NEG,1,Y,
costly,NEG,1,Y,
counter-attack,POS,1,Y,
counter-attacks,POS,1,Y,
counter-productive,NEG,1,Y,
counterproductive,NEG,1,Y,
coupists,NEG,1,Y,
courage,POS,1,Y,
courageous,POS,1,Y,
courageously,POS,1,Y,
courageousness,POS,1,Y,
courteous,POS,1,Y,
courtly,POS,1,Y,
covenant,POS,1,Y,
covetous,NEG,1,Y,
coward,NEG,1,Y,
cowardly,NEG,1,Y,
cozy,POS,1,Y,
crabby,NEG,1,Y,
crack,NEG,1,Y,
cracked,NEG,1,Y,
cracks,NEG,1,Y,
craftily,NEG,1,Y,
craftly,NEG,1,Y,
crafty,NEG,1,Y,
cramp,NEG,1,Y,
cramped,NEG,1,Y,
cramping,NEG,1,Y,
cranky,NEG,1,Y,
crap,NEG,1,Y,
crappy,NEG,1,Y,
craps,NEG,1,Y,
crash,NEG,1,Y,
crashed,NEG,1,Y,
crashes,NEG,1,Y,
crashing,NEG,1,Y,
crass,NEG,1,Y,
craven,NEG,1,Y,
cravenly,NEG,1,Y,
craze,NEG,1,Y,
crazily,NEG,1,Y,
craziness,NEG,1,Y,
crazy,NEG,1,Y,
creak,NEG,1,Y,
creaking,NEG,1,Y,
creaks,NEG,1,Y,
creative,POS,1,Y,
credence,POS,1,Y,
credible,POS,1,Y,
credulous,NEG,1,Y,
creep,NEG,1,Y,
creeping,NEG,1,Y,
creeps,NEG,1,Y,
creepy,NEG,1,Y,
crept,NEG,1,Y,
crime,NEG,1,Y,
criminal,NEG,1,Y,
cringe,NEG,1,Y,
cringed,NEG,1,Y,
cringes,NEG,1,Y,
cripple,NEG,1,Y,
crippled,NEG,1,Y,
cripples,NEG,1,Y,
crippling,NEG,1,Y,
crisis,NEG,1,Y,
crisp,POS,1,Y,
crisper,POS,1,Y,
critic,NEG,1,Y,
critical,NEG,1,Y,
criticism,NEG,1,Y,
criticisms,NEG,1,Y,
criticize,NEG,1,Y,
criticized,NEG,1,Y,
criticizing,NEG,1,Y,
critics,NEG,1,Y,
cronyism,NEG,1,Y,
crook,NEG,1,Y,
crooked,NEG,1,Y,
crooks,NEG,1,Y,
crowded,NEG,1,Y,
crowdedness,NEG,1,Y,
crude,NEG,1,Y,
cruel,NEG,1,Y,
crueler,NEG,1,Y,
cruelest,NEG,1,Y,
cruelly,NEG,1,Y,
cruelness,NEG,1,Y,
cruelties,NEG,1,Y,
cruelty,NEG,1,Y,
crumble,NEG,1,Y,
crumbling,NEG,1,Y,
crummy,NEG,1,Y,
crumple,NEG,1,Y,
crumpled,NEG,1,Y,
crumples,NEG,1,Y,
crush,NEG,1,Y,
crushed,NEG,1,Y,
crushing,NEG,1,Y,
cry,NEG,1,Y,
culpable,NEG,1,Y,
culprit,NEG,1,Y,
cumbersome,NEG,1,Y,
cunt,NEG,1,Y,
cunts,NEG,1,Y,
cuplrit,NEG,1,Y,
cure,POS,1,Y,
cure-all,POS,1,Y,
curse,NEG,1,Y,
cursed,NEG,1,Y,
curses,NEG,1,Y,
curt,NEG,1,Y,
cushy,POS,1,Y,
cuss,NEG,1,Y,
cussed,NEG,1,Y,
cute,POS,1,Y,
cuteness,POS,1,Y,
cutthroat,NEG,1,Y,
cynical,NEG,1,Y,
cynicism,NEG,1,Y,
d*mn,NEG,1,Y,
damage,NEG,1,Y,Y
damaged,NEG,1,Y,
damages,NEG,1,Y,
damaging,NEG,1,Y,
damn,NEG,1,Y,
damnable,NEG,1,Y,
damnably,NEG,1,Y,
damnation,NEG,1,Y,
damned,NEG,1,Y,
damning,NEG,1,Y,
damper,NEG,1,Y,
danger,NEG,1,Y,
dangerous,NEG,1,Y,Y
dangerousness,NEG,1,Y,
danke,POS,1,Y,
danken,POS,1,Y,
daring,POS,1,Y,
daringly,POS,1,Y,
dark,NEG,1,Y,
darken,NEG,1,Y,
darkened,NEG,1,Y,
darker,NEG,1,Y,
darkness,NEG,1,Y,
darling,POS,1,Y,
dashing,POS,1,Y,
dastard,NEG,1,Y,
dastardly,NEG,1,Y,
daunt,NEG,1,Y,
daunting,NEG,1,Y,
dauntingly,NEG,1,Y,
dauntless,POS,1,Y,
dawdle,NEG,1,Y,
dawn,POS,1,Y,
daze,NEG,1,Y,
dazed,NEG,1,Y,
dazzle,POS,1,Y,
dazzled,POS,1,Y,
dazzling,POS,1,Y,
dead,NEG,1,Y,
dead-cheap,POS,1,Y,
dead-on,POS,1,Y,
deadbeat,NEG,1,Y,
deadlock,NEG,1,Y,
deadly,NEG,1,Y,
deadweight,NEG,1,Y,
deaf,NEG,1,Y,
dearth,NEG,1,Y,
death,NEG,1,Y,
debacle,NEG,1,Y,
debase,NEG,1,Y,
debasement,NEG,1,Y,
debaser,NEG,1,Y,
debatable,NEG,1,Y,
debauch,NEG,1,Y,
debaucher,NEG,1,Y,
debauchery,NEG,1,Y,
debilitate,NEG,1,Y,
debilitating,NEG,1,Y,
debility,NEG,1,Y,
debt,NEG,1,Y,
debts,NEG,1,Y,
decadence,NEG,1,Y,
decadent,NEG,1,Y,
decay,NEG,1,Y,
decayed,NEG,1,Y,
deceit,NEG,1,Y,
deceitful,NEG,1,Y,
deceitfully,NEG,1,Y,
deceitfulness,NEG,1,Y,
deceive,NEG,1,Y,
deceiver,NEG,1,Y,
deceivers,NEG,1,Y,
deceiving,NEG,1,Y,
decency,POS,1,Y,
decent,POS,1,Y,
deception,NEG,1,Y,
deceptive,NEG,1,Y,
deceptively,NEG,1,Y,
decisive,POS,1,Y,
decisiveness,POS,1,Y,
declaim,NEG,1,Y,
decline,NEG,1,Y,
declines,NEG,1,Y,
declining,NEG,1,Y,
decrement,NEG,1,Y,
decrepit,NEG,1,Y,
decrepitude,NEG,1,Y,
decry,NEG,1,Y,
dedicated,POS,1,Y,
defamation,NEG,1,Y,
defamations,NEG,1,Y,
defamatory,NEG,1,Y,
defame,NEG,1,Y,
defeat,POS,1,Y,
defeated,POS,1,Y,
defeating,POS,1,Y,
defeats,POS,1,Y,
defect,NEG,1,Y,
defective,NEG,1,Y,
defects,NEG,1,Y,
defender,POS,1,Y,
defensive,NEG,1,Y,
deference,POS,1,Y,
defiance,NEG,1,Y,
defiant,NEG,1,Y,
defiantly,NEG,1,Y,
deficiencies,NEG,1,Y,
deficiency,NEG,1,Y,
deficient,NEG,1,Y,
defile,NEG,1,Y,
defiler,NEG,1,Y,
deform,NEG,1,Y,
deformed,NEG,1,Y,
defrauding,NEG,1,Y,
deft,POS,1,Y,
defunct,NEG,1,Y,
defy,NEG,1,Y,
degenerate,NEG,1,Y,
degenerately,NEG,1,Y,
degeneration,NEG,1,Y,
deginified,POS,1,Y,
degradation,NEG,1,Y,
degrade,NEG,1,Y,Y
degrading,NEG,1,Y,Y
degradingly,NEG,1,Y,
dehumanization,NEG,1,Y,
dehumanize,NEG,1,Y,
deign,NEG,1,Y,
deject,NEG,1,Y,
dejected,NEG,1,Y,
dejectedly,NEG,1,Y,
dejection,NEG,1,Y,
delay,NEG,1,Y,
delayed,NEG,1,Y,
delaying,NEG,1,Y,
delays,NEG,1,Y,
delectable,POS,1,Y,
delicacy,POS,1,Y,
delicate,POS,1,Y,
delicious,POS,1,Y,
delight,POS,1,Y,
delighted,POS,1,Y,Y
delightful,POS,1,Y,Y
delightfully,POS,1,Y,
delightfulness,POS,1,Y,
delinquency,NEG,1,Y,
delinquent,NEG,1,Y,
delirious,NEG,1,Y,
delirium,NEG,1,Y,
delude,NEG,1,Y,
deluded,NEG,1,Y,
deluge,NEG,1,Y,
delusion,NEG,1,Y,
delusional,NEG,1,Y,
delusions,NEG,1,Y,
demean,NEG,1,Y,
demeaning,NEG,1,Y,
demise,NEG,1,Y,
demolish,NEG,1,Y,
demolisher,NEG,1,Y,
demon,NEG,1,Y,
demonic,NEG,1,Y,
demonize,NEG,1,Y,
demonized,NEG,1,Y,
demonizes,NEG,1,Y,
demonizing,NEG,1,Y,
demoralize,NEG,1,Y,
demoralizing,NEG,1,Y,
demoralizingly,NEG,1,Y,
denial,NEG,1,Y,
denied,NEG,1,Y,
denies,NEG,1,Y,
denigrate,NEG,1,Y,
denounce,NEG,1,Y,
dense,NEG,1,Y,
dent,NEG,1,Y,
dented,NEG,1,Y,
dents,NEG,1,Y,
denunciate,NEG,1,Y,
denunciation,NEG,1,Y,
denunciations,NEG,1,Y,
deny,NEG,1,Y,
denying,NEG,1,Y,
dependable,POS,1,Y,
dependably,POS,1,Y,
deplete,NEG,1,Y,
deplorable,NEG,1,Y,
deplorably,NEG,1,Y,
deplore,NEG,1,Y,
deploring,NEG,1,Y,
deploringly,NEG,1,Y,
deprave,NEG,1,Y,
depraved,NEG,1,Y,
depravedly,NEG,1,Y,
deprecate,NEG,1,Y,
depress,NEG,1,Y,
depressed,NEG,1,Y,
depressing,NEG,1,Y,
depressingly,NEG,1,Y,
depression,NEG,1,Y,
depressions,NEG,1,Y,
deprive,NEG,1,Y,
deprived,NEG,1,Y,
deride,NEG,1,Y,
derision,NEG,1,Y,
derisive,NEG,1,Y,
derisively,NEG,1,Y,
derisiveness,NEG,1,Y,
derogatory,NEG,1,Y,
desecrate,NEG,1,Y,
desert,NEG,1,Y,
desertion,NEG,1,Y,
deservedly,POS,1,Y,
deserving,POS,1,Y,
desiccate,NEG,1,Y,
desiccated,NEG,1,Y,
desirable,POS,1,Y,
desiring,POS,1,Y,
desirous,POS,1,Y,
desititute,NEG,1,Y,
desolate,NEG,1,Y,
desolately,NEG,1,Y,
desolation,NEG,1,Y,
despair,NEG,1,Y,
despairing,NEG,1,Y,
despairingly,NEG,1,Y,
desperate,NEG,1,Y,
desperately,NEG,1,Y,
desperation,NEG,1,Y,
despicable,NEG,1,Y,
despicably,NEG,1,Y,
despise,NEG,1,Y,
despised,NEG,1,Y,
despoil,NEG,1,Y,
despoiler,NEG,1,Y,
despondence,NEG,1,Y,
despondency,NEG,1,Y,
despondent,NEG,1,Y,
despondently,NEG,1,Y,
despot,NEG,1,Y,
despotic,NEG,1,Y,
despotism,NEG,1,Y,
destabilisation,NEG,1,Y,
destains,NEG,1,Y,
destiny,POS,1,Y,
destitute,NEG,1,Y,
destitution,NEG,1,Y,
destroy,NEG,1,Y,
destroyer,NEG,1,Y,
destruction,NEG,1,Y,
destructive,NEG,1,Y,
desultory,NEG,1,Y,
detachable,POS,1,Y,
deter,NEG,1,Y,
deteriorate,NEG,1,Y,
deteriorating,NEG,1,Y,
deterioration,NEG,1,Y,
deterrent,NEG,1,Y,
detest,NEG,1,Y,
detestable,NEG,1,Y,
detestably,NEG,1,Y,
detested,NEG,1,Y,
detesting,NEG,1,Y,
detests,NEG,1,Y,
detract,NEG,1,Y,
detracted,NEG,1,Y,
detracting,NEG,1,Y,
detraction,NEG,1,Y,
detracts,NEG,1,Y,
detriment,NEG,1,Y,
detrimental,NEG,1,Y,
devastate,NEG,1,Y,
devastated,NEG,1,Y,
devastates,NEG,1,Y,
devastating,NEG,1,Y,Y
devastatingly,NEG,1,Y,
devastation,NEG,1,Y,
deviate,NEG,1,Y,
deviation,NEG,1,Y,
devil,NEG,1,Y,
devilish,NEG,1,Y,
devilishly,NEG,1,Y,
devilment,NEG,1,Y,
devilry,NEG,1,Y,
devious,NEG,1,Y,
deviously,NEG,1,Y,
deviousness,NEG,1,Y,
devoid,NEG,1,Y,
devout,POS,1,Y,
dexterous,POS,1,Y,
dexterously,POS,1,Y,
dextrous,POS,1,Y,
diabolic,NEG,1,Y,
diabolical,NEG,1,Y,
diabolically,NEG,1,Y,
diametrically,NEG,1,Y,
diappointed,NEG,1,Y,
diatribe,NEG,1,Y,
diatribes,NEG,1,Y,
dick,NEG,1,Y,
dictator,NEG,1,Y,
dictatorial,NEG,1,Y,
die,NEG,1,Y,
die-hard,NEG,1,Y,
died,NEG,1,Y,
dies,NEG,1,Y,
difficult,NEG,1,Y,
difficulties,NEG,1,Y,
difficulty,NEG,1,Y,
diffidence,NEG,1,Y,
dignified,POS,1,Y,
dignify,POS,1,Y,
dignity,POS,1,Y,
dilapidated,NEG,1,Y,
dilemma,NEG,1,Y,
diligence,POS,1,Y,
diligent,POS,1,Y,
diligently,POS,1,Y,
dilly-dally,NEG,1,Y,
dim,NEG,1,Y,
dimmer,NEG,1,Y,
din,NEG,1,Y,
ding,NEG,1,Y,
dings,NEG,1,Y,
dinky,NEG,1,Y,
diplomatic,POS,1,Y,
dire,NEG,1,Y,
direly,NEG,1,Y,
direness,NEG,1,Y,
dirt,NEG,1,Y,
dirt-cheap,POS,1,Y,
dirtbag,NEG,1,Y,
dirtbags,NEG,1,Y,
dirts,NEG,1,Y,
dirty,NEG,1,Y,
disable,NEG,1,Y,
disabled,NEG,1,Y,
disaccord,NEG,1,Y,
disadvantage,NEG,1,Y,
disadvantaged,NEG,1,Y,
disadvantageous,NEG,1,Y,
disadvantages,NEG,1,Y,
disaffect,NEG,1,Y,
disaffected,NEG,1,Y,
disaffirm,NEG,1,Y,
disagree,NEG,1,Y,
disagreeable,NEG,1,Y,
disagreeably,NEG,1,Y,
disagreed,NEG,1,Y,
disagreeing,NEG,1,Y,
disagreement,NEG,1,Y,
disagrees,NEG,1,Y,
disallow,NEG,1,Y,
disapointed,NEG,1,Y,
disapointing,NEG,1,Y,
disapointment,NEG,1,Y,
disappoint,NEG,1,Y,
disappointed,NEG,1,Y,
disappointing,NEG,1,Y,Y
disappointingly,NEG,1,Y,
disappointment,NEG,1,Y,
disappointments,NEG,1,Y,
disappoints,NEG,1,Y,
disapprobation,NEG,1,Y,
disapproval,NEG,1,Y,
disapprove,NEG,1,Y,
disapproving,NEG,1,Y,
disarm,NEG,1,Y,
disarray,NEG,1,Y,
disaster,NEG,1,Y,Y
disasterous,NEG,1,Y,
disastrous,NEG,1,Y,Y
disastrously,NEG,1,Y,
disavow,NEG,1,Y,
disavowal,NEG,1,Y,
disbelief,NEG,1,Y,
disbelieve,NEG,1,Y,
disbeliever,NEG,1,Y,
disclaim,NEG,1,Y,
discombobulate,NEG,1,Y,
discomfit,NEG,1,Y,
discomfititure,NEG,1,Y,
discomfort,NEG,1,Y,
discompose,NEG,1,Y,
disconcert,NEG,1,Y,
disconcerted,NEG,1,Y,
disconcerting,NEG,1,Y,
disconcertingly,NEG,1,Y,
disconsolate,NEG,1,Y,
disconsolately,NEG,1,Y,
disconsolation,NEG,1,Y,
discontent,NEG,1,Y,
discontented,NEG,1,Y,
discontentedly,NEG,1,Y,
discontinued,NEG,1,Y,
discontinuity,NEG,1,Y,
discontinuous,NEG,1,Y,
discord,NEG,1,Y,
discordance,NEG,1,Y,
discordant,NEG,1,Y,
discountenance,NEG,1,Y,
discourage,NEG,1,Y,
discouragement,NEG,1,Y,
discouraging,NEG,1,Y,
discouragingly,NEG,1,Y,
discourteous,NEG,1,Y,
discourteously,NEG,1,Y,
discoutinous,NEG,1,Y,
discredit,NEG,1,Y,
discrepant,NEG,1,Y,
discriminate,NEG,1,Y,
discrimination,NEG,1,Y,
discriminatory,NEG,1,Y,
disdain,NEG,1,Y,
disdained,NEG,1,Y,
disdainful,NEG,1,Y,
disdainfully,NEG,1,Y,
disfavor,NEG,1,Y,
disgrace,NEG,1,Y,Y
disgraced,NEG,1,Y,
disgraceful,NEG,1,Y,Y
disgracefully,NEG,1,Y,
disgruntle,NEG,1,Y,
disgruntled,NEG,1,Y,
disgust,NEG,1,Y,Y
disgusted,NEG,1,Y,
disgustedly,NEG,1,Y,
disgustful,NEG,1,Y,
disgustfully,NEG,1,Y,
disgusting,NEG,1,Y,
disgustingly,NEG,1,Y,
dishearten,NEG,1,Y,
disheartening,NEG,1,Y,
dishearteningly,NEG,1,Y,
dishonest,NEG,1,Y,
dishonestly,NEG,1,Y,
dishonesty,NEG,1,Y,
dishonor,NEG,1,Y,
dishonorable,NEG,1,Y,
dishonorablely,NEG,1,Y,
disillusion,NEG,1,Y,
disillusioned,NEG,1,Y,
disillusionment,NEG,1,Y,
disillusions,NEG,1,Y,
disinclination,NEG,1,Y,
disinclined,NEG,1,Y,
disingenuous,NEG,1,Y,
disingenuously,NEG,1,Y,
disintegrate,NEG,1,Y,
disintegrated,NEG,1,Y,
disintegrates,NEG,1,Y,
disintegration,NEG,1,Y,
disinterest,NEG,1,Y,
disinterested,NEG,1,Y,
dislike,NEG,1,Y,
disliked,NEG,1,Y,
dislikes,NEG,1,Y,
disliking,NEG,1,Y,
dislocated,NEG,1,Y,
disloyal,NEG,1,Y,
disloyalty,NEG,1,Y,
dismal,NEG,1,Y,
dismally,NEG,1,Y,
dismalness,NEG,1,Y,
dismay,NEG,1,Y,
dismayed,NEG,1,Y,
dismaying,NEG,1,Y,
dismayingly,NEG,1,Y,
dismissive,NEG,1,Y,
dismissively,NEG,1,Y,
disobedience,NEG,1,Y,
disobedient,NEG,1,Y,
disobey,NEG,1,Y,
disoobedient,NEG,1,Y,
disorder,NEG,1,Y,
disordered,NEG,1,Y,
disorderly,NEG,1,Y,
disorganized,NEG,1,Y,
disorient,NEG,1,Y,
disoriented,NEG,1,Y,
disown,NEG,1,Y,
disparage,NEG,1,Y,
disparaging,NEG,1,Y,
disparagingly,NEG,1,Y,
dispensable,NEG,1,Y,
dispirit,NEG,1,Y,
dispirited,NEG,1,Y,
dispiritedly,NEG,1,Y,
dispiriting,NEG,1,Y,
displace,NEG,1,Y,
displaced,NEG,1,Y,
displease,NEG,1,Y,
displeased,NEG,1,Y,
displeasing,NEG,1,Y,
displeasure,NEG,1,Y,
disproportionate,NEG,1,Y,
disprove,NEG,1,Y,
disputable,NEG,1,Y,
dispute,NEG,1,Y,
disputed,NEG,1,Y,
disquiet,NEG,1,Y,
disquieting,NEG,1,Y,
disquietingly,NEG,1,Y,
disquietude,NEG,1,Y,
disregard,NEG,1,Y,
disregardful,NEG,1,Y,
disreputable,NEG,1,Y,
disrepute,NEG,1,Y,
disrespect,NEG,1,Y,
disrespectable,NEG,1,Y,
disrespectablity,NEG,1,Y,
disrespectful,NEG,1,Y,
disrespectfully,NEG,1,Y,
disrespectfulness,NEG,1,Y,
disrespecting,NEG,1,Y,
disrupt,NEG,1,Y,
disruption,NEG,1,Y,
disruptive,NEG,1,Y,
diss,NEG,1,Y,
dissapointed,NEG,1,Y,
dissappointed,NEG,1,Y,
dissappointing,NEG,1,Y,
dissatisfaction,NEG,1,Y,
dissatisfactory,NEG,1,Y,
dissatisfied,NEG,1,Y,
dissatisfies,NEG,1,Y,
dissatisfy,NEG,1,Y,
dissatisfying,NEG,1,Y,
dissed,NEG,1,Y,
dissemble,NEG,1,Y,
dissembler,NEG,1,Y,
dissension,NEG,1,Y,
dissent,NEG,1,Y,
dissenter,NEG,1,Y,
dissention,NEG,1,Y,
disservice,NEG,1,Y,
disses,NEG,1,Y,
dissidence,NEG,1,Y,
dissident,NEG,1,Y,
dissidents,NEG,1,Y,
dissing,NEG,1,Y,
dissocial,NEG,1,Y,
dissolute,NEG,1,Y,
dissolution,NEG,1,Y,
dissonance,NEG,1,Y,
dissonant,NEG,1,Y,
dissonantly,NEG,1,Y,
dissuade,NEG,1,Y,
dissuasive,NEG,1,Y,
distains,NEG,1,Y,
distaste,NEG,1,Y,
distasteful,NEG,1,Y,
distastefully,NEG,1,Y,
distinction,POS,1,Y,
distinctive,POS,1,Y,
distinguished,POS,1,Y,
distort,NEG,1,Y,
distorted,NEG,1,Y,
distortion,NEG,1,Y,
distorts,NEG,1,Y,
distract,NEG,1,Y,
distracting,NEG,1,Y,
distraction,NEG,1,Y,
distraught,NEG,1,Y,
distraughtly,NEG,1,Y,
distraughtness,NEG,1,Y,
distress,NEG,1,Y,
distressed,NEG,1,Y,
distressing,NEG,1,Y,
distressingly,NEG,1,Y,
distrust,NEG,1,Y,
distrustful,NEG,1,Y,
distrusting,NEG,1,Y,
disturb,NEG,1,Y,
disturbance,NEG,1,Y,
disturbed,NEG,1,Y,
disturbing,NEG,1,Y,
disturbingly,NEG,1,Y,
disunity,NEG,1,Y,
disvalue,NEG,1,Y,
divergent,NEG,1,Y,
diversified,POS,1,Y,
divine,POS,1,Y,
divinely,POS,1,Y,
divisive,NEG,1,Y,
divisively,NEG,1,Y,
divisiveness,NEG,1,Y,
dizzing,NEG,1,Y,
dizzingly,NEG,1,Y,
dizzy,NEG,1,Y,
doddering,NEG,1,Y,
dodgey,NEG,1,Y,
dogged,NEG,1,Y,
doggedly,NEG,1,Y,
dogmatic,NEG,1,Y,
doldrums,NEG,1,Y,
dominate,POS,1,Y,
dominated,POS,1,Y,
dominates,POS,1,Y,
domineer,NEG,1,Y,
domineering,NEG,1,Y,
donside,NEG,1,Y,
doom,NEG,1,Y,
doomed,NEG,1,Y,
doomsday,NEG,1,Y,
dope,NEG,1,Y,
dote,POS,1,Y,
dotingly,POS,1,Y,
doubt,NEG,1,Y,
doubtful,NEG,1,Y,
doubtfully,NEG,1,Y,
doubtless,POS,1,Y,
doubts,NEG,1,Y,
douchbag,NEG,1,Y,
douchebag,NEG,1,Y,
douchebags,NEG,1,Y,
downbeat,NEG,1,Y,
downcast,NEG,1,Y,
downer,NEG,1,Y,
downfall,NEG,1,Y,
downfallen,NEG,1,Y,
downgrade,NEG,1,Y,
downhearted,NEG,1,Y,
downheartedly,NEG,1,Y,
downhill,NEG,1,Y,
downside,NEG,1,Y,
downsides,NEG,1,Y,
downturn,NEG,1,Y,
downturns,NEG,1,Y,
drab,NEG,1,Y,
draconian,NEG,1,Y,
draconic,NEG,1,Y,
drag,NEG,1,Y,
dragged,NEG,1,Y,
dragging,NEG,1,Y,
dragoon,NEG,1,Y,
drags,NEG,1,Y,
drain,NEG,1,Y,
drained,NEG,1,Y,
draining,NEG,1,Y,
drains,NEG,1,Y,
drastic,NEG,1,Y,
drastically,NEG,1,Y,
drawback,NEG,1,Y,
drawbacks,NEG,1,Y,
dread,NEG,1,Y,
dreadful,NEG,1,Y,Y
dreadfully,NEG,1,Y,
dreadfulness,NEG,1,Y,
dreamland,POS,1,Y,
dreary,NEG,1,Y,
dripped,NEG,1,Y,
dripping,NEG,1,Y,
drippy,NEG,1,Y,
drips,NEG,1,Y,
drones,NEG,1,Y,
droop,NEG,1,Y,
droops,NEG,1,Y,
drop-out,NEG,1,Y,
drop-outs,NEG,1,Y,
dropout,NEG,1,Y,
dropouts,NEG,1,Y,
drought,NEG,1,Y,
drowning,NEG,1,Y,
drunk,NEG,1,Y,
drunkard,NEG,1,Y,
drunken,NEG,1,Y,
dubious,NEG,1,Y,
dubiously,NEG,1,Y,
dubitable,NEG,1,Y,
dud,NEG,1,Y,
dull,NEG,1,Y,
dullard,NEG,1,Y,
dumb,NEG,1,Y,
dumbfound,NEG,1,Y,
dumbfounded,POS,1,Y,
dumbfounding,POS,1,Y,
dummy-proof,POS,1,Y,
dump,NEG,1,Y,
dumped,NEG,1,Y,
dumping,NEG,1,Y,
dumps,NEG,1,Y,
dunce,NEG,1,Y,
dungeon,NEG,1,Y,
dungeons,NEG,1,Y,
dupe,NEG,1,Y,
durable,POS,1,Y,
dust,NEG,1,Y,
dusty,NEG,1,Y,
dwindling,NEG,1,Y,
dying,NEG,1,Y,
dynamic,POS,1,Y,
eager,POS,1,Y,
eagerly,POS,1,Y,
eagerness,POS,1,Y,
earnest,POS,1,Y,
earnestly,POS,1,Y,
earnestness,POS,1,Y,
earsplitting,NEG,1,Y,
ease,POS,1,Y,
eased,POS,1,Y,
eases,POS,1,Y,
easier,POS,1,Y,
easiest,POS,1,Y,
easiness,POS,1,Y,
easing,POS,1,Y,
easy,POS,1,Y,
easy-to-use,POS,1,Y,
easygoing,POS,1,Y,
ebullience,POS,1,Y,
ebullient,POS,1,Y,
ebulliently,POS,1,Y,
eccentric,NEG,1,Y,
eccentricity,NEG,1,Y,
ecenomical,POS,1,Y,
economical,POS,1,Y,
ecstasies,POS,1,Y,
ecstasy,POS,1,Y,
ecstatic,POS,1,Y,
ecstatically,POS,1,Y,
edify,POS,1,Y,
educated,POS,1,Y,
effective,POS,1,Y,
effectively,POS,1,Y,
effectiveness,POS,1,Y,
effectual,POS,1,Y,
efficacious,POS,1,Y,
efficient,POS,1,Y,
efficiently,POS,1,Y,
effigy,NEG,1,Y,
effortless,POS,1,Y,
effortlessly,POS,1,Y,
effrontery,NEG,1,Y,
effusion,POS,1,Y,
effusive,POS,1,Y,
effusively,POS,1,Y,
effusiveness,POS,1,Y,
egocentric,NEG,1,Y,
egomania,NEG,1,Y,
egotism,NEG,1,Y,
egotistical,NEG,1,Y,
egotistically,NEG,1,Y,
egregious,NEG,1,Y,
egregiously,NEG,1,Y,
elan,POS,1,Y,
elate,POS,1,Y,
elated,POS,1,Y,
elatedly,POS,1,Y,
elation,POS,1,Y,
election-rigger,NEG,1,Y,
electrify,POS,1,Y,
elegance,POS,1,Y,
elegant,POS,1,Y,
elegantly,POS,1,Y,
elevate,POS,1,Y,
elimination,NEG,1,Y,
elite,POS,1,Y,
eloquence,POS,1,Y,
eloquent,POS,1,Y,
eloquently,POS,1,Y,
emaciated,NEG,1,Y,
emasculate,NEG,1,Y,
embarrass,NEG,1,Y,
embarrassing,NEG,1,Y,
embarrassingly,NEG,1,Y,
embarrassment,NEG,1,Y,
embattled,NEG,1,Y,
embolden,POS,1,Y,
embroil,NEG,1,Y,
embroiled,NEG,1,Y,
embroilment,NEG,1,Y,
emergency,NEG,1,Y,
eminence,POS,1,Y,
eminent,POS,1,Y,
empathize,POS,1,Y,
empathy,POS,1,Y,
emphatic,NEG,1,Y,
emphatically,NEG,1,Y,
empower,POS,1,Y,
empowerment,POS,1,Y,
emptiness,NEG,1,Y,
enchant,POS,1,Y,
enchanted,POS,1,Y,
enchanting,POS,1,Y,
enchantingly,POS,1,Y,
encourage,POS,1,Y,
encouragement,POS,1,Y,
encouraging,POS,1,Y,
encouragingly,POS,1,Y,
encroach,NEG,1,Y,
encroachment,NEG,1,Y,
endanger,NEG,1,Y,
endear,POS,1,Y,
endearing,POS,1,Y,
endorse,POS,1,Y,
endorsed,POS,1,Y,
endorsement,POS,1,Y,
endorses,POS,1,Y,
endorsing,POS,1,Y,
enemies,NEG,1,Y,
enemy,NEG,1,Y,
energetic,POS,1,Y,
energize,POS,1,Y,
energy-efficient,POS,1,Y,
energy-saving,POS,1,Y,
enervate,NEG,1,Y,
enfeeble,NEG,1,Y,
enflame,NEG,1,Y,
engaging,POS,1,Y,
engrossing,POS,1,Y,
engulf,NEG,1,Y,
enhance,POS,1,Y,
enhanced,POS,1,Y,
enhancement,POS,1,Y,
enhances,POS,1,Y,
enjoin,NEG,1,Y,
enjoy,POS,1,Y,Y
enjoyable,POS,1,Y,Y
enjoyably,POS,1,Y,
enjoyed,POS,1,Y,
enjoying,POS,1,Y,
enjoyment,POS,1,Y,
enjoys,POS,1,Y,
enlighten,POS,1,Y,
enlightenment,POS,1,Y,
enliven,POS,1,Y,
enmity,NEG,1,Y,
ennoble,POS,1,Y,
enough,POS,1,Y,
enrage,NEG,1,Y,
enraged,NEG,1,Y,
enraging,NEG,1,Y,
enrapt,POS,1,Y,
enrapture,POS,1,Y,
enraptured,POS,1,Y,
enrich,POS,1,Y,
enrichment,POS,1,Y,
enslave,NEG,1,Y,
entangle,NEG,1,Y,
entanglement,NEG,1,Y,
enterprising,POS,1,Y,
entertain,POS,1,Y,
entertaining,POS,1,Y,
entertains,POS,1,Y,
enthral,POS,1,Y,
enthrall,POS,1,Y,
enthralled,POS,1,Y,
enthuse,POS,1,Y,
enthusiasm,POS,1,Y,
enthusiast,POS,1,Y,
enthusiastic,POS,1,Y,
enthusiastically,POS,1,Y,
entice,POS,1,Y,
enticed,POS,1,Y,
enticing,POS,1,Y,
enticingly,POS,1,Y,
entranced,POS,1,Y,
entrancing,POS,1,Y,
entrap,NEG,1,Y,
entrapment,NEG,1,Y,
entrust,POS,1,Y,
enviable,POS,1,Y,
enviably,POS,1,Y,
envious,POS,1,Y,
envious,NEG,1,Y,
enviously,POS,1,Y,
enviously,NEG,1,Y,
enviousness,POS,1,Y,
enviousness,NEG,1,Y,
envy,POS,1,Y,
epidemic,NEG,1,Y,
equitable,POS,1,Y,
equivocal,NEG,1,Y,
erase,NEG,1,Y,
ergonomical,POS,1,Y,
erode,NEG,1,Y,
erodes,NEG,1,Y,
erosion,NEG,1,Y,
err,NEG,1,Y,
err-free,POS,1,Y,
errant,NEG,1,Y,
erratic,NEG,1,Y,
erratically,NEG,1,Y,
erroneous,NEG,1,Y,
erroneously,NEG,1,Y,
error,NEG,1,Y,
errors,NEG,1,Y,
erudite,POS,1,Y,
eruptions,NEG,1,Y,
escapade,NEG,1,Y,
eschew,NEG,1,Y,
estranged,NEG,1,Y,
ethical,POS,1,Y,
eulogize,POS,1,Y,
euphoria,POS,1,Y,
euphoric,POS,1,Y,
euphorically,POS,1,Y,
evade,NEG,1,Y,
evaluative,POS,1,Y,
evasion,NEG,1,Y,
evasive,NEG,1,Y,
evenly,POS,1,Y,
eventful,POS,1,Y,
everlasting,POS,1,Y,
evil,NEG,1,Y,
evildoer,NEG,1,Y,
evils,NEG,1,Y,
eviscerate,NEG,1,Y,
evocative,POS,1,Y,
exacerbate,NEG,1,Y,
exagerate,NEG,1,Y,
exagerated,NEG,1,Y,
exagerates,NEG,1,Y,
exaggerate,NEG,1,Y,
exaggeration,NEG,1,Y,
exalt,POS,1,Y,
exaltation,POS,1,Y,
exalted,POS,1,Y,
exaltedly,POS,1,Y,
exalting,POS,1,Y,
exaltingly,POS,1,Y,
examplar,POS,1,Y,
examplary,POS,1,Y,
exasperate,NEG,1,Y,
exasperated,NEG,1,Y,
exasperating,NEG,1,Y,
exasperatingly,NEG,1,Y,
exasperation,NEG,1,Y,
excallent,POS,1,Y,
exceed,POS,1,Y,
exceeded,POS,1,Y,
exceeding,POS,1,Y,
exceedingly,POS,1,Y,
exceeds,POS,1,Y,
excel,POS,1,Y,
exceled,POS,1,Y,
excelent,POS,1,Y,
excellant,POS,1,Y,
excelled,POS,1,Y,
excellence,POS,1,Y,
excellency,POS,1,Y,
excellent,POS,1,Y,Y
excellently,POS,1,Y,
excels,POS,1,Y,
exceptional,POS,1,Y,
exceptionally,POS,1,Y,
excessive,NEG,1,Y,
excessively,NEG,1,Y,
excite,POS,1,Y,
excited,POS,1,Y,
excitedly,POS,1,Y,
excitedness,POS,1,Y,
excitement,POS,1,Y,
excites,POS,1,Y,
exciting,POS,1,Y,
excitingly,POS,1,Y,
exclusion,NEG,1,Y,
excoriate,NEG,1,Y,
excruciating,NEG,1,Y,
excruciatingly,NEG,1,Y,
excuse,NEG,1,Y,
excuses,NEG,1,Y,
execrate,NEG,1,Y,
exellent,POS,1,Y,
exemplar,POS,1,Y,
exemplary,POS,1,Y,
exhaust,NEG,1,Y,
exhausted,NEG,1,Y,
exhaustion,NEG,1,Y,
exhausts,NEG,1,Y,
exhilarate,POS,1,Y,
exhilarating,POS,1,Y,
exhilaratingly,POS,1,Y,
exhilaration,POS,1,Y,
exhorbitant,NEG,1,Y,
exhort,NEG,1,Y,
exile,NEG,1,Y,
exonerate,POS,1,Y,
exorbitant,NEG,1,Y,
exorbitantance,NEG,1,Y,
exorbitantly,NEG,1,Y,
expansive,POS,1,Y,
expeditiously,POS,1,Y,
expel,NEG,1,Y,
expensive,NEG,1,Y,
expertly,POS,1,Y,
expire,NEG,1,Y,
expired,NEG,1,Y,
explode,NEG,1,Y,
exploit,NEG,1,Y,
exploitation,NEG,1,Y,
explosive,NEG,1,Y,
expropriate,NEG,1,Y,
expropriation,NEG,1,Y,
expulse,NEG,1,Y,
expunge,NEG,1,Y,
exquisite,POS,1,Y,
exquisitely,POS,1,Y,
exterminate,NEG,1,Y,
extermination,NEG,1,Y,
extinguish,NEG,1,Y,
extol,POS,1,Y,
extoll,POS,1,Y,
extort,NEG,1,Y,
extortion,NEG,1,Y,
extraneous,NEG,1,Y,
extraordinarily,POS,1,Y,
extraordinary,POS,1,Y,
extravagance,NEG,1,Y,
extravagant,NEG,1,Y,
extravagantly,NEG,1,Y,
extremism,NEG,1,Y,
extremist,NEG,1,Y,
extremists,NEG,1,Y,
exuberance,POS,1,Y,
exuberant,POS,1,Y,
exuberantly,POS,1,Y,
exult,POS,1,Y,
exultant,POS,1,Y,
exultation,POS,1,Y,
exultingly,POS,1,Y,
eye-catch,POS,1,Y,
eye-catching,POS,1,Y,
eyecatch,POS,1,Y,
eyecatching,POS,1,Y,
eyesore,NEG,1,Y,
f**k,NEG,1,Y,
fabricate,NEG,1,Y,
fabrication,NEG,1,Y,
fabulous,POS,1,Y,
fabulously,POS,1,Y,
facetious,NEG,1,Y,
facetiously,NEG,1,Y,
facilitate,POS,1,Y,
fail,NEG,1,Y,
failed,NEG,1,Y,
failing,NEG,1,Y,
fails,NEG,1,Y,
failure,NEG,1,Y,
failures,NEG,1,Y,
faint,NEG,1,Y,
fainthearted,NEG,1,Y,
fair,POS,1,Y,
fairly,POS,1,Y,
fairness,POS,1,Y,
faith,POS,1,Y,
faithful,POS,1,Y,
faithfully,POS,1,Y,
faithfulness,POS,1,Y,
faithless,NEG,1,Y,
fake,NEG,1,Y,
fall,NEG,1,Y,
fallacies,NEG,1,Y,
fallacious,NEG,1,Y,
fallaciously,NEG,1,Y,
fallaciousness,NEG,1,Y,
fallacy,NEG,1,Y,
fallen,NEG,1,Y,
falling,NEG,1,Y,
fallout,NEG,1,Y,
falls,NEG,1,Y,
falsehood,NEG,1,Y,
falsely,NEG,1,Y,
falsify,NEG,1,Y,
falter,NEG,1,Y,
faltered,NEG,1,Y,
fame,POS,1,Y,
famed,POS,1,Y,
famine,NEG,1,Y,
famished,NEG,1,Y,
famous,POS,1,Y,
famously,POS,1,Y,
fanatic,NEG,1,Y,
fanatical,NEG,1,Y,
fanatically,NEG,1,Y,
fanaticism,NEG,1,Y,
fanatics,NEG,1,Y,
fancier,POS,1,Y,
fanciful,NEG,1,Y,
fancinating,POS,1,Y,
fancy,POS,1,Y,
fanfare,POS,1,Y,
fans,POS,1,Y,
fantastic,POS,1,Y,Y
fantastically,POS,1,Y,
far-fetched,NEG,1,Y,
farce,NEG,1,Y,
farcical,NEG,1,Y,
farcical-yet-provocative,NEG,1,Y,
farcically,NEG,1,Y,
farfetched,NEG,1,Y,
fascinate,POS,1,Y,
fascinating,POS,1,Y,
fascinatingly,POS,1,Y,
fascination,POS,1,Y,
fascism,NEG,1,Y,
fascist,NEG,1,Y,
fashionable,POS,1,Y,
fashionably,POS,1,Y,
fast,POS,1,Y,
fast-growing,POS,1,Y,
fast-paced,POS,1,Y,
faster,POS,1,Y,
fastest,POS,1,Y,
fastest-growing,POS,1,Y,
fastidious,NEG,1,Y,
fastidiously,NEG,1,Y,
fastuous,NEG,1,Y,
fat,NEG,1,Y,
fat-cat,NEG,1,Y,
fat-cats,NEG,1,Y,
fatal,NEG,1,Y,
fatalistic,NEG,1,Y,
fatalistically,NEG,1,Y,
fatally,NEG,1,Y,
fatcat,NEG,1,Y,
fatcats,NEG,1,Y,
fateful,NEG,1,Y,
fatefully,NEG,1,Y,
fathomless,NEG,1,Y,
fatigue,NEG,1,Y,
fatigued,NEG,1,Y,
fatique,NEG,1,Y,
fatty,NEG,1,Y,
fatuity,NEG,1,Y,
fatuous,NEG,1,Y,
fatuously,NEG,1,Y,
fault,NEG,1,Y,
faultless,POS,1,Y,
faults,NEG,1,Y,
faulty,NEG,1,Y,
fav,POS,1,Y,
fave,POS,1,Y,
favor,POS,1,Y,
favorable,POS,1,Y,
favored,POS,1,Y,
favorite,POS,1,Y,
favorited,POS,1,Y,
favour,POS,1,Y,
fawningly,NEG,1,Y,
faze,NEG,1,Y,
fear,NEG,1,Y,
fearful,NEG,1,Y,
fearfully,NEG,1,Y,
fearless,POS,1,Y,
fearlessly,POS,1,Y,
fears,NEG,1,Y,
fearsome,NEG,1,Y,
feasible,POS,1,Y,
feasibly,POS,1,Y,
feat,POS,1,Y,
feature-rich,POS,1,Y,
fecilitous,POS,1,Y,
feckless,NEG,1,Y,
feeble,NEG,1,Y,
feeblely,NEG,1,Y,
feebleminded,NEG,1,Y,
feign,NEG,1,Y,
feint,NEG,1,Y,
feisty,POS,1,Y,
felicitate,POS,1,Y,
felicitous,POS,1,Y,
felicity,POS,1,Y,
fell,NEG,1,Y,
felon,NEG,1,Y,
felonious,NEG,1,Y,
ferociously,NEG,1,Y,
ferocity,NEG,1,Y,
fertile,POS,1,Y,
fervent,POS,1,Y,
fervently,POS,1,Y,
fervid,POS,1,Y,
fervidly,POS,1,Y,
fervor,POS,1,Y,
festive,POS,1,Y,
fetid,NEG,1,Y,
fever,NEG,1,Y,
feverish,NEG,1,Y,
fevers,NEG,1,Y,
fiasco,NEG,1,Y,
fib,NEG,1,Y,
fibber,NEG,1,Y,
fickle,NEG,1,Y,
fiction,NEG,1,Y,
fictional,NEG,1,Y,
fictitious,NEG,1,Y,
fidelity,POS,1,Y,
fidget,NEG,1,Y,
fidgety,NEG,1,Y,
fiend,NEG,1,Y,
fiendish,NEG,1,Y,
fierce,NEG,1,Y,
fiery,POS,1,Y,
figurehead,NEG,1,Y,
filth,NEG,1,Y,
filthy,NEG,1,Y,
finagle,NEG,1,Y,
fine,POS,1,Y,
fine-looking,POS,1,Y,
finely,POS,1,Y,
finer,POS,1,Y,
finest,POS,1,Y,
finicky,NEG,1,Y,
firmer,POS,1,Y,
first-class,POS,1,Y,
first-in-class,POS,1,Y,
first-rate,POS,1,Y,
fissures,NEG,1,Y,
fist,NEG,1,Y,
flabbergast,NEG,1,Y,
flabbergasted,NEG,1,Y,
flagging,NEG,1,Y,
flagrant,NEG,1,Y,
flagrantly,NEG,1,Y,
flair,NEG,1,Y,
flairs,NEG,1,Y,
flak,NEG,1,Y,
flake,NEG,1,Y,
flakey,NEG,1,Y,
flakieness,NEG,1,Y,
flaking,NEG,1,Y,
flaky,NEG,1,Y,
flare,NEG,1,Y,
flares,NEG,1,Y,
flareup,NEG,1,Y,
flareups,NEG,1,Y,
flashy,POS,1,Y,
flat-out,NEG,1,Y,
flatter,POS,1,Y,
flattering,POS,1,Y,
flatteringly,POS,1,Y,
flaunt,NEG,1,Y,
flaw,NEG,1,Y,Y
flawed,NEG,1,Y,Y
flawless,POS,1,Y,Y
flawlessly,POS,1,Y,
flaws,NEG,1,Y,
flee,NEG,1,Y,
fleed,NEG,1,Y,
fleeing,NEG,1,Y,
fleer,NEG,1,Y,
flees,NEG,1,Y,
fleeting,NEG,1,Y,
flexibility,POS,1,Y,
flexible,POS,1,Y,
flicering,NEG,1,Y,
flicker,NEG,1,Y,
flickering,NEG,1,Y,
flickers,NEG,1,Y,
flighty,NEG,1,Y,
flimflam,NEG,1,Y,
flimsy,NEG,1,Y,
flirt,NEG,1,Y,
flirty,NEG,1,Y,
floored,NEG,1,Y,
flounder,NEG,1,Y,
floundering,NEG,1,Y,
flourish,POS,1,Y,
flourishing,POS,1,Y,
flout,NEG,1,Y,
fluent,POS,1,Y,
fluster,NEG,1,Y,
flutter,POS,1,Y,
foe,NEG,1,Y,
fond,POS,1,Y,
fondly,POS,1,Y,
fondness,POS,1,Y,
fool,NEG,1,Y,
fooled,NEG,1,Y,
foolhardy,NEG,1,Y,
foolish,NEG,1,Y,
foolishly,NEG,1,Y,
foolishness,NEG,1,Y,
foolproof,POS,1,Y,
forbid,NEG,1,Y,
forbidden,NEG,1,Y,
forbidding,NEG,1,Y,
forceful,NEG,1,Y,
foreboding,NEG,1,Y,
forebodingly,NEG,1,Y,
foremost,POS,1,Y,
foresight,POS,1,Y,
forfeit,NEG,1,Y,
forged,NEG,1,Y,
forgetful,NEG,1,Y,
forgetfully,NEG,1,Y,
forgetfulness,NEG,1,Y,
forlorn,NEG,1,Y,
forlornly,NEG,1,Y,
formidable,POS,1,Y,
forsake,NEG,1,Y,
forsaken,NEG,1,Y,
forswear,NEG,1,Y,
fortitude,POS,1,Y,
fortuitous,POS,1,Y,
fortuitously,POS,1,Y,
fortunate,POS,1,Y,
fortunately,POS,1,Y,
fortune,POS,1,Y,
foul,NEG,1,Y,
foully,NEG,1,Y,
foulness,NEG,1,Y,
fractious,NEG,1,Y,
fractiously,NEG,1,Y,
fracture,NEG,1,Y,
fragile,NEG,1,Y,
fragmented,NEG,1,Y,
fragrant,POS,1,Y,
frail,NEG,1,Y,
frantic,NEG,1,Y,
frantically,NEG,1,Y,
franticly,NEG,1,Y,
fraud,NEG,1,Y,
fraudulent,NEG,1,Y,
fraught,NEG,1,Y,
frazzle,NEG,1,Y,
frazzled,NEG,1,Y,
freak,NEG,1,Y,
freaking,NEG,1,Y,
freakish,NEG,1,Y,
freakishly,NEG,1,Y,
freaks,NEG,1,Y,
free,POS,1,Y,
freed,POS,1,Y,
freedom,POS,1,Y,
freedoms,POS,1,Y,
freeze,NEG,1,Y,
freezes,NEG,1,Y,
freezing,NEG,1,Y,
frenetic,NEG,1,Y,
frenetically,NEG,1,Y,
frenzied,NEG,1,Y,
frenzy,NEG,1,Y,
fresh,POS,1,Y,
fresher,POS,1,Y,
freshest,POS,1,Y,
fret,NEG,1,Y,
fretful,NEG,1,Y,
frets,NEG,1,Y,
friction,NEG,1,Y,
frictions,NEG,1,Y,
fried,NEG,1,Y,
friendliness,POS,1,Y,
friendly,POS,1,Y,
friggin,NEG,1,Y,
frigging,NEG,1,Y,
fright,NEG,1,Y,
frighten,NEG,1,Y,
frightening,NEG,1,Y,
frighteningly,NEG,1,Y,
frightful,NEG,1,Y,
frightfully,NEG,1,Y,
frigid,NEG,1,Y,
frolic,POS,1,Y,
frost,NEG,1,Y,
frown,NEG,1,Y,
froze,NEG,1,Y,
frozen,NEG,1,Y,
frugal,POS,1,Y,
fruitful,POS,1,Y,
fruitless,NEG,1,Y,
fruitlessly,NEG,1,Y,
frustrate,NEG,1,Y,
frustrated,NEG,1,Y,Y
frustrates,NEG,1,Y,
frustrating,NEG,1,Y,Y
frustratingly,NEG,1,Y,
frustration,NEG,1,Y,
frustrations,NEG,1,Y,
ftw,POS,1,Y,
fuck,NEG,1,Y,
fucking,NEG,1,Y,
fudge,NEG,1,Y,
fugitive,NEG,1,Y,
fulfillment,POS,1,Y,
full-blown,NEG,1,Y,
fulminate,NEG,1,Y,
fumble,NEG,1,Y,
fume,NEG,1,Y,
fumes,NEG,1,Y,
fun,POS,1,Y,
fundamentalism,NEG,1,Y,
funky,NEG,1,Y,
funnily,NEG,1,Y,
funny,NEG,1,Y,
furious,NEG,1,Y,
furiously,NEG,1,Y,
furor,NEG,1,Y,
fury,NEG,1,Y,
fuss,NEG,1,Y,
fussy,NEG,1,Y,
fustigate,NEG,1,Y,
fusty,NEG,1,Y,
futile,NEG,1,Y,
futilely,NEG,1,Y,
futility,NEG,1,Y,
futurestic,POS,1,Y,
futuristic,POS,1,Y,
fuzzy,NEG,1,Y,
gabble,NEG,1,Y,
gaff,NEG,1,Y,
gaffe,NEG,1,Y,
gaiety,POS,1,Y,
gaily,POS,1,Y,
gain,POS,1,Y,
gained,POS,1,Y,
gainful,POS,1,Y,
gainfully,POS,1,Y,
gaining,POS,1,Y,
gains,POS,1,Y,
gainsay,NEG,1,Y,
gainsayer,NEG,1,Y,
gall,NEG,1,Y,
gallant,POS,1,Y,
gallantly,POS,1,Y,
galling,NEG,1,Y,
gallingly,NEG,1,Y,
galls,NEG,1,Y,
galore,POS,1,Y,
gangster,NEG,1,Y,
gape,NEG,1,Y,
garbage,NEG,1,Y,
garish,NEG,1,Y,
gasp,NEG,1,Y,
gauche,NEG,1,Y,
gaudy,NEG,1,Y,
gawk,NEG,1,Y,
gawky,NEG,1,Y,
geekier,POS,1,Y,
geeky,POS,1,Y,
geezer,NEG,1,Y,
gem,POS,1,Y,
gems,POS,1,Y,
generosity,POS,1,Y,
generous,POS,1,Y,
generously,POS,1,Y,
genial,POS,1,Y,
genius,POS,1,Y,
genocide,NEG,1,Y,
gentle,POS,1,Y,
gentlest,POS,1,Y,
genuine,POS,1,Y,
get-rich,NEG,1,Y,
ghastly,NEG,1,Y,
ghetto,NEG,1,Y,
ghosting,NEG,1,Y,
gibber,NEG,1,Y,
gibberish,NEG,1,Y,
gibe,NEG,1,Y,
giddy,NEG,1,Y,
gifted,POS,1,Y,
gimmick,NEG,1,Y,
gimmicked,NEG,1,Y,
gimmicking,NEG,1,Y,
gimmicks,NEG,1,Y,
gimmicky,NEG,1,Y,
glad,POS,1,Y,
gladden,POS,1,Y,
gladly,POS,1,Y,
gladness,POS,1,Y,
glamorous,POS,1,Y,
glare,NEG,1,Y,
glaringly,NEG,1,Y,
glee,POS,1,Y,
gleeful,POS,1,Y,
gleefully,POS,1,Y,
glib,NEG,1,Y,
glibly,NEG,1,Y,
glimmer,POS,1,Y,
glimmering,POS,1,Y,
glisten,POS,1,Y,
glistening,POS,1,Y,
glitch,NEG,1,Y,
glitches,NEG,1,Y,
glitter,POS,1,Y,
glitz,POS,1,Y,
gloatingly,NEG,1,Y,
gloom,NEG,1,Y,
gloomy,NEG,1,Y,
glorify,POS,1,Y,
glorious,POS,1,Y,
gloriously,POS,1,Y,
glory,POS,1,Y,
glow,POS,1,Y,
glower,NEG,1,Y,
glowing,POS,1,Y,
glowingly,POS,1,Y,
glum,NEG,1,Y,
glut,NEG,1,Y,
gnawing,NEG,1,Y,
goad,NEG,1,Y,
goading,NEG,1,Y,
god-awful,NEG,1,Y,
god-given,POS,1,Y,
god-send,POS,1,Y,
godlike,POS,1,Y,
godsend,POS,1,Y,
gold,POS,1,Y,
golden,POS,1,Y,
good,POS,1,Y,
goodly,POS,1,Y,
goodness,POS,1,Y,
goodwill,POS,1,Y,
goof,NEG,1,Y,
goofy,NEG,1,Y,
goon,NEG,1,Y,
goood,POS,1,Y,
gooood,POS,1,Y,
gorgeous,POS,1,Y,
gorgeously,POS,1,Y,
gossip,NEG,1,Y,
grace,POS,1,Y,
graceful,POS,1,Y,
gracefully,POS,1,Y,
graceless,NEG,1,Y,
gracelessly,NEG,1,Y,
gracious,POS,1,Y,
graciously,POS,1,Y,
graciousness,POS,1,Y,
graft,NEG,1,Y,
grainy,NEG,1,Y,
grand,POS,1,Y,
grandeur,POS,1,Y,
grapple,NEG,1,Y,
grate,NEG,1,Y,
grateful,POS,1,Y,
gratefully,POS,1,Y,
gratification,POS,1,Y,
gratified,POS,1,Y,
gratifies,POS,1,Y,
gratify,POS,1,Y,
gratifying,POS,1,Y,
gratifyingly,POS,1,Y,
grating,NEG,1,Y,
gratitude,POS,1,Y,
gravely,NEG,1,Y,
greasy,NEG,1,Y,
great,POS,1,Y,Y
greatest,POS,1,Y,Y
greatness,POS,1,Y,
greed,NEG,1,Y,
greedy,NEG,1,Y,
grief,NEG,1,Y,
grievance,NEG,1,Y,
grievances,NEG,1,Y,
grieve,NEG,1,Y,
grieving,NEG,1,Y,
grievous,NEG,1,Y,
grievously,NEG,1,Y,
grim,NEG,1,Y,
grimace,NEG,1,Y,
grin,POS,1,Y,
grind,NEG,1,Y,
gripe,NEG,1,Y,
gripes,NEG,1,Y,
grisly,NEG,1,Y,
gritty,NEG,1,Y,
gross,NEG,1,Y,
grossly,NEG,1,Y,
grotesque,NEG,1,Y,
grouch,NEG,1,Y,
grouchy,NEG,1,Y,
groundbreaking,POS,1,Y,
groundless,NEG,1,Y,
grouse,NEG,1,Y,
growl,NEG,1,Y,
grudge,NEG,1,Y,
grudges,NEG,1,Y,
grudging,NEG,1,Y,
grudgingly,NEG,1,Y,
gruesome,NEG,1,Y,
gruesomely,NEG,1,Y,
gruff,NEG,1,Y,
grumble,NEG,1,Y,
grumpier,NEG,1,Y,
grumpiest,NEG,1,Y,
grumpily,NEG,1,Y,
grumpish,NEG,1,Y,
grumpy,NEG,1,Y,
guarantee,POS,1,Y,
guidance,POS,1,Y,
guile,NEG,1,Y,
guilt,NEG,1,Y,
guiltily,NEG,1,Y,
guiltless,POS,1,Y,
guilty,NEG,1,Y,
gullible,NEG,1,Y,
gumption,POS,1,Y,
gush,POS,1,Y,
gusto,POS,1,Y,
gutless,NEG,1,Y,
gutsy,POS,1,Y,
gutter,NEG,1,Y,
hack,NEG,1,Y,
hacks,NEG,1,Y,
haggard,NEG,1,Y,
haggle,NEG,1,Y,
hail,POS,1,Y,
hairloss,NEG,1,Y,
halcyon,POS,1,Y,
hale,POS,1,Y,
halfhearted,NEG,1,Y,
halfheartedly,NEG,1,Y,
hallmark,POS,1,Y,
hallmarks,POS,1,Y,
hallowed,POS,1,Y,
hallucinate,NEG,1,Y,
hallucination,NEG,1,Y,
hamper,NEG,1,Y,
hampered,NEG,1,Y,
handicapped,NEG,1,Y,
handier,POS,1,Y,
handily,POS,1,Y,
hands-down,POS,1,Y,
handsome,POS,1,Y,
handsomely,POS,1,Y,
handy,POS,1,Y,
hang,NEG,1,Y,
hangs,NEG,1,Y,
haphazard,NEG,1,Y,
hapless,NEG,1,Y,
happier,POS,1,Y,
happily,POS,1,Y,
happiness,POS,1,Y,
happy,POS,1,Y,
harangue,NEG,1,Y,
harass,NEG,1,Y,
harassed,NEG,1,Y,
harasses,NEG,1,Y,
harassment,NEG,1,Y,
harboring,NEG,1,Y,
harbors,NEG,1,Y,
hard,NEG,1,Y,
hard-hit,NEG,1,Y,
hard-line,NEG,1,Y,
hard-liner,NEG,1,Y,
hard-working,POS,1,Y,
hardball,NEG,1,Y,
harden,NEG,1,Y,
hardened,NEG,1,Y,
hardheaded,NEG,1,Y,
hardhearted,NEG,1,Y,
hardier,POS,1,Y,
hardliner,NEG,1,Y,
hardliners,NEG,1,Y,
hardship,NEG,1,Y,
hardships,NEG,1,Y,
hardy,POS,1,Y,
harm,NEG,1,Y,
harmed,NEG,1,Y,
harmful,NEG,1,Y,Y
harmless,POS,1,Y,
harmonious,POS,1,Y,
harmoniously,POS,1,Y,
harmonize,POS,1,Y,
harmony,POS,1,Y,
harms,NEG,1,Y,
harpy,NEG,1,Y,
harridan,NEG,1,Y,
harried,NEG,1,Y,
harrow,NEG,1,Y,
harsh,NEG,1,Y,
harshly,NEG,1,Y,
hasseling,NEG,1,Y,
hassle,NEG,1,Y,
hassled,NEG,1,Y,
hassles,NEG,1,Y,
haste,NEG,1,Y,
hastily,NEG,1,Y,
hasty,NEG,1,Y,
hate,NEG,1,Y,Y
hated,NEG,1,Y,
hateful,NEG,1,Y,
hatefully,NEG,1,Y,
hatefulness,NEG,1,Y,
hater,NEG,1,Y,
haters,NEG,1,Y,
hates,NEG,1,Y,
hating,NEG,1,Y,
hatred,NEG,1,Y,
haughtily,NEG,1,Y,
haughty,NEG,1,Y,
haunt,NEG,1,Y,
haunting,NEG,1,Y,
havoc,NEG,1,Y,
hawkish,NEG,1,Y,
haywire,NEG,1,Y,
hazard,NEG,1,Y,
hazardous,NEG,1,Y,
haze,NEG,1,Y,
hazy,NEG,1,Y,
head-aches,NEG,1,Y,
headache,NEG,1,Y,
headaches,NEG,1,Y,
headway,POS,1,Y,
heal,POS,1,Y,
healthful,POS,1,Y,
healthy,POS,1,Y,
heartbreaker,NEG,1,Y,
heartbreaking,NEG,1,Y,
heartbreakingly,NEG,1,Y,
hearten,POS,1,Y,
heartening,POS,1,Y,
heartfelt,POS,1,Y,
heartily,POS,1,Y,
heartless,NEG,1,Y,
heartwarming,POS,1,Y,
heathen,NEG,1,Y,
heaven,POS,1,Y,
heavenly,POS,1,Y,
heavy-handed,NEG,1,Y,
heavyhearted,NEG,1,Y,
heck,NEG,1,Y,
heckle,NEG,1,Y,
heckled,NEG,1,Y,
heckles,NEG,1,Y,
hectic,NEG,1,Y,
hedge,NEG,1,Y,
hedonistic,NEG,1,Y,
heedless,NEG,1,Y,
hefty,NEG,1,Y,
hegemonism,NEG,1,Y,
hegemonistic,NEG,1,Y,
hegemony,NEG,1,Y,
heinous,NEG,1,Y,
hell,NEG,1,Y,
hell-bent,NEG,1,Y,
hellion,NEG,1,Y,
hells,NEG,1,Y,
helped,POS,1,Y,
helpful,POS,1,Y,
helping,POS,1,Y,
helpless,NEG,1,Y,
helplessly,NEG,1,Y,
helplessness,NEG,1,Y,
heresy,NEG,1,Y,
heretic,NEG,1,Y,
heretical,NEG,1,Y,
hero,POS,1,Y,
heroic,POS,1,Y,
heroically,POS,1,Y,
heroine,POS,1,Y,
heroize,POS,1,Y,
heros,POS,1,Y,
hesitant,NEG,1,Y,
hestitant,NEG,1,Y,
hideous,NEG,1,Y,
hideously,NEG,1,Y,
hideousness,NEG,1,Y,
high-priced,NEG,1,Y,
high-quality,POS,1,Y,
high-spirited,POS,1,Y,
hilarious,POS,1,Y,
hiliarious,NEG,1,Y,
hinder,NEG,1,Y,
hindrance,NEG,1,Y,
hiss,NEG,1,Y,
hissed,NEG,1,Y,
hissing,NEG,1,Y,
ho-hum,NEG,1,Y,
hoard,NEG,1,Y,
hoax,NEG,1,Y,
hobble,NEG,1,Y,
hogs,NEG,1,Y,
hollow,NEG,1,Y,
holy,POS,1,Y,
homage,POS,1,Y,
honest,POS,1,Y,
honesty,POS,1,Y,
honor,POS,1,Y,
honorable,POS,1,Y,
honored,POS,1,Y,
honoring,POS,1,Y,
hoodium,NEG,1,Y,
hoodwink,NEG,1,Y,
hooligan,NEG,1,Y,
hooray,POS,1,Y,
hopeful,POS,1,Y,
hopeless,NEG,1,Y,
hopelessly,NEG,1,Y,
hopelessness,NEG,1,Y,
horde,NEG,1,Y,
horrendous,NEG,1,Y,
horrendously,NEG,1,Y,
horrible,NEG,1,Y,Y
horribly,NEG,1,,Y
horrid,NEG,1,Y,
horrific,NEG,1,Y,
horrified,NEG,1,Y,
horrifies,NEG,1,Y,
horrify,NEG,1,Y,
horrifying,NEG,1,Y,
horrifys,NEG,1,Y,
hospitable,POS,1,Y,
hostage,NEG,1,Y,
hostile,NEG,1,Y,
hostilities,NEG,1,Y,
hostility,NEG,1,Y,
hot,POS,1,Y,
hotbeds,NEG,1,Y,
hotcake,POS,1,Y,
hotcakes,POS,1,Y,
hothead,NEG,1,Y,
hotheaded,NEG,1,Y,
hothouse,NEG,1,Y,
hottest,POS,1,Y,
hubris,NEG,1,Y,
huckster,NEG,1,Y,
hug,POS,1,Y,
hum,NEG,1,Y,
humane,POS,1,Y,
humble,POS,1,Y,
humid,NEG,1,Y,
humiliate,NEG,1,Y,
humiliating,NEG,1,Y,
humiliation,NEG,1,Y,
humility,POS,1,Y,
humming,NEG,1,Y,
humor,POS,1,Y,
humorous,POS,1,Y,
humorously,POS,1,Y,
humour,POS,1,Y,
humourous,POS,1,Y,
hung,NEG,1,Y,
hurt,NEG,1,Y,
hurted,NEG,1,Y,
hurtful,NEG,1,Y,
hurting,NEG,1,Y,
hurts,NEG,1,Y,
hustler,NEG,1,Y,
hype,NEG,1,Y,
hypocricy,NEG,1,Y,
hypocrisy,NEG,1,Y,
hypocrite,NEG,1,Y,
hypocrites,NEG,1,Y,
hypocritical,NEG,1,Y,
hypocritically,NEG,1,Y,
hysteria,NEG,1,Y,
hysteric,NEG,1,Y,
hysterical,NEG,1,Y,
hysterically,NEG,1,Y,
hysterics,NEG,1,Y,
ideal,POS,1,Y,
idealize,POS,1,Y,
ideally,POS,1,Y,
idiocies,NEG,1,Y,
idiocy,NEG,1,Y,
idiot,NEG,1,Y,
idiotic,NEG,1,Y,
idiotically,NEG,1,Y,
idiots,NEG,1,Y,
idle,NEG,1,Y,
idol,POS,1,Y,
idolize,POS,1,Y,
idolized,POS,1,Y,
idyllic,POS,1,Y,
ignoble,NEG,1,Y,
ignominious,NEG,1,Y,
ignominiously,NEG,1,Y,
ignominy,NEG,1,Y,
ignorance,NEG,1,Y,
ignorant,NEG,1,Y,
ignore,NEG,1,Y,
ill-advised,NEG,1,Y,
ill-conceived,NEG,1,Y,
ill-defined,NEG,1,Y,
ill-designed,NEG,1,Y,
ill-fated,NEG,1,Y,
ill-favored,NEG,1,Y,
ill-formed,NEG,1,Y,
ill-mannered,NEG,1,Y,
ill-natured,NEG,1,Y,
ill-sorted,NEG,1,Y,
ill-tempered,NEG,1,Y,
ill-treated,NEG,1,Y,
ill-treatment,NEG,1,Y,
ill-usage,NEG,1,Y,
ill-used,NEG,1,Y,
illegal,NEG,1,Y,
illegally,NEG,1,Y,
illegitimate,NEG,1,Y,
illicit,NEG,1,Y,
illiterate,NEG,1,Y,
illness,NEG,1,Y,
illogic,NEG,1,Y,
illogical,NEG,1,Y,
illogically,NEG,1,Y,
illuminate,POS,1,Y,
illuminati,POS,1,Y,
illuminating,POS,1,Y,
illumine,POS,1,Y,
illusion,NEG,1,Y,
illusions,NEG,1,Y,
illusory,NEG,1,Y,
illustrious,POS,1,Y,
ilu,POS,1,Y,
imaculate,POS,1,Y,
imaginary,NEG,1,Y,
imaginative,POS,1,Y,
imbalance,NEG,1,Y,
imbecile,NEG,1,Y,
imbroglio,NEG,1,Y,
immaculate,POS,1,Y,
immaculately,POS,1,Y,
immaterial,NEG,1,Y,
immature,NEG,1,Y,
immense,POS,1,Y,
imminence,NEG,1,Y,
imminently,NEG,1,Y,
immobilized,NEG,1,Y,
immoderate,NEG,1,Y,
immoderately,NEG,1,Y,
immodest,NEG,1,Y,
immoral,NEG,1,Y,
immorality,NEG,1,Y,
immorally,NEG,1,Y,
immovable,NEG,1,Y,
impair,NEG,1,Y,
impaired,NEG,1,Y,
impartial,POS,1,Y,
impartiality,POS,1,Y,
impartially,POS,1,Y,
impasse,NEG,1,Y,
impassioned,POS,1,Y,
impatience,NEG,1,Y,
impatient,NEG,1,Y,
impatiently,NEG,1,Y,
impeach,NEG,1,Y,
impeccable,POS,1,Y,
impeccably,POS,1,Y,
impedance,NEG,1,Y,
impede,NEG,1,Y,
impediment,NEG,1,Y,
impending,NEG,1,Y,
impenitent,NEG,1,Y,
imperfect,NEG,1,Y,
imperfection,NEG,1,Y,
imperfections,NEG,1,Y,
imperfectly,NEG,1,Y,
imperialist,NEG,1,Y,
imperil,NEG,1,Y,
imperious,NEG,1,Y,
imperiously,NEG,1,Y,
impermissible,NEG,1,Y,
impersonal,NEG,1,Y,
impertinent,NEG,1,Y,
impetuous,NEG,1,Y,
impetuously,NEG,1,Y,
impiety,NEG,1,Y,
impinge,NEG,1,Y,
impious,NEG,1,Y,
implacable,NEG,1,Y,
implausible,NEG,1,Y,
implausibly,NEG,1,Y,
implicate,NEG,1,Y,
implication,NEG,1,Y,
implode,NEG,1,Y,
impolite,NEG,1,Y,
impolitely,NEG,1,Y,
impolitic,NEG,1,Y,
important,POS,1,Y,
importunate,NEG,1,Y,
importune,NEG,1,Y,
impose,NEG,1,Y,
imposers,NEG,1,Y,
imposing,NEG,1,Y,
imposition,NEG,1,Y,
impossible,NEG,1,Y,
impossiblity,NEG,1,Y,
impossibly,NEG,1,Y,
impotent,NEG,1,Y,
impoverish,NEG,1,Y,
impoverished,NEG,1,Y,
impractical,NEG,1,Y,
imprecate,NEG,1,Y,
imprecise,NEG,1,Y,
imprecisely,NEG,1,Y,
imprecision,NEG,1,Y,
impress,POS,1,Y,
impressed,POS,1,Y,
impresses,POS,1,Y,
impressive,POS,1,Y,
impressively,POS,1,Y,
impressiveness,POS,1,Y,
imprison,NEG,1,Y,
imprisonment,NEG,1,Y,
improbability,NEG,1,Y,
improbable,NEG,1,Y,
improbably,NEG,1,Y,
improper,NEG,1,Y,
improperly,NEG,1,Y,
impropriety,NEG,1,Y,
improve,POS,1,Y,
improved,POS,1,Y,
improvement,POS,1,Y,
improvements,POS,1,Y,
improves,POS,1,Y,
improving,POS,1,Y,
imprudence,NEG,1,Y,
imprudent,NEG,1,Y,
impudence,NEG,1,Y,
impudent,NEG,1,Y,
impudently,NEG,1,Y,
impugn,NEG,1,Y,
impulsive,NEG,1,Y,
impulsively,NEG,1,Y,
impunity,NEG,1,Y,
impure,NEG,1,Y,
impurity,NEG,1,Y,
inability,NEG,1,Y,
inaccuracies,NEG,1,Y,
inaccuracy,NEG,1,Y,
inaccurate,NEG,1,Y,
inaccurately,NEG,1,Y,
inaction,NEG,1,Y,
inactive,NEG,1,Y,
inadequacy,NEG,1,Y,
inadequate,NEG,1,Y,
inadequately,NEG,1,Y,
inadverent,NEG,1,Y,
inadverently,NEG,1,Y,
inadvisable,NEG,1,Y,
inadvisably,NEG,1,Y,
inane,NEG,1,Y,
inanely,NEG,1,Y,
inappropriate,NEG,1,Y,Y
inappropriately,NEG,1,Y,
inapt,NEG,1,Y,
inaptitude,NEG,1,Y,
inarticulate,NEG,1,Y,
inattentive,NEG,1,Y,
inaudible,NEG,1,Y,
incapable,NEG,1,Y,
incapably,NEG,1,Y,
incautious,NEG,1,Y,
incendiary,NEG,1,Y,
incense,NEG,1,Y,
incessant,NEG,1,Y,
incessantly,NEG,1,Y,
incite,NEG,1,Y,
incitement,NEG,1,Y,
incivility,NEG,1,Y,
inclement,NEG,1,Y,
incognizant,NEG,1,Y,
incoherence,NEG,1,Y,
incoherent,NEG,1,Y,
incoherently,NEG,1,Y,
incommensurate,NEG,1,Y,
incomparable,NEG,1,Y,
incomparably,NEG,1,Y,
incompatability,NEG,1,Y,
incompatibility,NEG,1,Y,
incompatible,NEG,1,Y,
incompetence,NEG,1,Y,Y
incompetent,NEG,1,Y,Y
incompetently,NEG,1,Y,
incomplete,NEG,1,Y,
incompliant,NEG,1,Y,
incomprehensible,NEG,1,Y,
incomprehension,NEG,1,Y,
inconceivable,NEG,1,Y,
inconceivably,NEG,1,Y,
incongruous,NEG,1,Y,
incongruously,NEG,1,Y,
inconsequent,NEG,1,Y,
inconsequential,NEG,1,Y,
inconsequentially,NEG,1,Y,
inconsequently,NEG,1,Y,
inconsiderate,NEG,1,Y,
inconsiderately,NEG,1,Y,
inconsistence,NEG,1,Y,
inconsistencies,NEG,1,Y,
inconsistency,NEG,1,Y,
inconsistent,NEG,1,Y,
inconsolable,NEG,1,Y,
inconsolably,NEG,1,Y,
inconstant,NEG,1,Y,
inconvenience,NEG,1,Y,
inconveniently,NEG,1,Y,
incorrect,NEG,1,Y,
incorrectly,NEG,1,Y,
incorrigible,NEG,1,Y,
incorrigibly,NEG,1,Y,
incredible,POS,1,Y,
incredibly,POS,1,Y,
incredulous,NEG,1,Y,
incredulously,NEG,1,Y,
inculcate,NEG,1,Y,
indebted,POS,1,Y,
indecency,NEG,1,Y,
indecent,NEG,1,Y,
indecently,NEG,1,Y,
indecision,NEG,1,Y,
indecisive,NEG,1,Y,
indecisively,NEG,1,Y,
indecorum,NEG,1,Y,
indefensible,NEG,1,Y,
indelicate,NEG,1,Y,
indeterminable,NEG,1,Y,
indeterminably,NEG,1,Y,
indeterminate,NEG,1,Y,
indifference,NEG,1,Y,
indifferent,NEG,1,Y,
indigent,NEG,1,Y,
indignant,NEG,1,Y,
indignantly,NEG,1,Y,
indignation,NEG,1,Y,
indignity,NEG,1,Y,
indiscernible,NEG,1,Y,
indiscreet,NEG,1,Y,
indiscreetly,NEG,1,Y,
indiscretion,NEG,1,Y,
indiscriminate,NEG,1,Y,
indiscriminately,NEG,1,Y,
indiscriminating,NEG,1,Y,
indistinguishable,NEG,1,Y,
individualized,POS,1,Y,
indoctrinate,NEG,1,Y,
indoctrination,NEG,1,Y,
indolent,NEG,1,Y,
indulge,NEG,1,Y,
indulgence,POS,1,Y,
indulgent,POS,1,Y,
industrious,POS,1,Y,
ineffective,NEG,1,Y,
ineffectively,NEG,1,Y,
ineffectiveness,NEG,1,Y,
ineffectual,NEG,1,Y,
ineffectually,NEG,1,Y,
ineffectualness,NEG,1,Y,
inefficacious,NEG,1,Y,
inefficacy,NEG,1,Y,
inefficiency,NEG,1,Y,
inefficient,NEG,1,Y,
inefficiently,NEG,1,Y,
inelegance,NEG,1,Y,
inelegant,NEG,1,Y,
ineligible,NEG,1,Y,
ineloquent,NEG,1,Y,
ineloquently,NEG,1,Y,
inept,NEG,1,Y,
ineptitude,NEG,1,Y,
ineptly,NEG,1,Y,
inequalities,NEG,1,Y,
inequality,NEG,1,Y,
inequitable,NEG,1,Y,
inequitably,NEG,1,Y,
inequities,NEG,1,Y,
inescapable,NEG,1,Y,
inescapably,NEG,1,Y,
inessential,NEG,1,Y,
inestimable,POS,1,Y,
inestimably,POS,1,Y,
inevitable,NEG,1,Y,
inevitably,NEG,1,Y,
inexcusable,NEG,1,Y,
inexcusably,NEG,1,Y,
inexorable,NEG,1,Y,
inexorably,NEG,1,Y,
inexpensive,POS,1,Y,
inexperience,NEG,1,Y,
inexperienced,NEG,1,Y,
inexpert,NEG,1,Y,
inexpertly,NEG,1,Y,
inexpiable,NEG,1,Y,
inexplainable,NEG,1,Y,
inextricable,NEG,1,Y,
inextricably,NEG,1,Y,
infallibility,POS,1,Y,
infallible,POS,1,Y,
infallibly,POS,1,Y,
infamous,NEG,1,Y,
infamously,NEG,1,Y,
infamy,NEG,1,Y,
infected,NEG,1,Y,
infection,NEG,1,Y,
infections,NEG,1,Y,
inferior,NEG,1,Y,
inferiority,NEG,1,Y,
infernal,NEG,1,Y,
infest,NEG,1,Y,
infested,NEG,1,Y,
infidel,NEG,1,Y,
infidels,NEG,1,Y,
infiltrator,NEG,1,Y,
infiltrators,NEG,1,Y,
infirm,NEG,1,Y,
inflame,NEG,1,Y,
inflammation,NEG,1,Y,
inflammatory,NEG,1,Y,
inflammed,NEG,1,Y,
inflated,NEG,1,Y,
inflationary,NEG,1,Y,
inflexible,NEG,1,Y,
inflict,NEG,1,Y,
influential,POS,1,Y,
infraction,NEG,1,Y,
infringe,NEG,1,Y,
infringement,NEG,1,Y,
infringements,NEG,1,Y,
infuriate,NEG,1,Y,
infuriated,NEG,1,Y,
infuriating,NEG,1,Y,
infuriatingly,NEG,1,Y,
ingenious,POS,1,Y,
ingeniously,POS,1,Y,
ingenuity,POS,1,Y,
ingenuous,POS,1,Y,
ingenuously,POS,1,Y,
inglorious,NEG,1,Y,
ingrate,NEG,1,Y,
ingratitude,NEG,1,Y,
inhibit,NEG,1,Y,
inhibition,NEG,1,Y,
inhospitable,NEG,1,Y,
inhospitality,NEG,1,Y,
inhuman,NEG,1,Y,
inhumane,NEG,1,Y,
inhumanity,NEG,1,Y,
inimical,NEG,1,Y,
inimically,NEG,1,Y,
iniquitous,NEG,1,Y,
iniquity,NEG,1,Y,
injudicious,NEG,1,Y,
injure,NEG,1,Y,
injurious,NEG,1,Y,
injury,NEG,1,Y,
injustice,NEG,1,Y,
injustices,NEG,1,Y,
innocuous,POS,1,Y,
innovation,POS,1,Y,
innovative,POS,1,Y,
innuendo,NEG,1,Y,
inoperable,NEG,1,Y,
inopportune,NEG,1,Y,
inordinate,NEG,1,Y,
inordinately,NEG,1,Y,
inpressed,POS,1,Y,
insane,NEG,1,Y,
insanely,NEG,1,Y,
insanity,NEG,1,Y,
insatiable,NEG,1,Y,
insecure,NEG,1,Y,
insecurity,NEG,1,Y,
insensible,NEG,1,Y,
insensitive,NEG,1,Y,
insensitively,NEG,1,Y,
insensitivity,NEG,1,Y,
insidious,NEG,1,Y,
insidiously,NEG,1,Y,
insightful,POS,1,Y,
insightfully,POS,1,Y,
insignificance,NEG,1,Y,
insignificant,NEG,1,Y,
insignificantly,NEG,1,Y,
insincere,NEG,1,Y,
insincerely,NEG,1,Y,
insincerity,NEG,1,Y,
insinuate,NEG,1,Y,
insinuating,NEG,1,Y,
insinuation,NEG,1,Y,
insociable,NEG,1,Y,
insolence,NEG,1,Y,
insolent,NEG,1,Y,
insolently,NEG,1,Y,
insolvent,NEG,1,Y,
insouciance,NEG,1,Y,
inspiration,POS,1,Y,
inspirational,POS,1,Y,Y
inspire,POS,1,Y,
inspiring,POS,1,Y,
instability,NEG,1,Y,
instable,NEG,1,Y,
instantly,POS,1,Y,
instigate,NEG,1,Y,
instigator,NEG,1,Y,
instigators,NEG,1,Y,
instructive,POS,1,Y,
instrumental,POS,1,Y,
insubordinate,NEG,1,Y,
insubstantial,NEG,1,Y,
insubstantially,NEG,1,Y,
insufferable,NEG,1,Y,
insufferably,NEG,1,Y,
insufficiency,NEG,1,Y,
insufficient,NEG,1,Y,
insufficiently,NEG,1,Y,
insular,NEG,1,Y,
insult,NEG,1,Y,
insulted,NEG,1,Y,
insulting,NEG,1,Y,
insultingly,NEG,1,Y,
insults,NEG,1,Y,
insupportable,NEG,1,Y,
insupportably,NEG,1,Y,
insurmountable,NEG,1,Y,
insurmountably,NEG,1,Y,
insurrection,NEG,1,Y,
intefere,NEG,1,Y,
inteferes,NEG,1,Y,
integral,POS,1,Y,
integrated,POS,1,Y,
intelligence,POS,1,Y,
intelligent,POS,1,Y,
intelligible,POS,1,Y,
intense,NEG,1,Y,
interesting,POS,1,Y,
interests,POS,1,Y,
interfere,NEG,1,Y,
interference,NEG,1,Y,
interferes,NEG,1,Y,
intermittent,NEG,1,Y,
interrupt,NEG,1,Y,
interruption,NEG,1,Y,
interruptions,NEG,1,Y,
intimacy,POS,1,Y,
intimate,POS,1,Y,
intimidate,NEG,1,Y,
intimidating,NEG,1,Y,
intimidatingly,NEG,1,Y,
intimidation,NEG,1,Y,
intolerable,NEG,1,Y,
intolerablely,NEG,1,Y,
intolerance,NEG,1,Y,
intoxicate,NEG,1,Y,
intractable,NEG,1,Y,
intransigence,NEG,1,Y,
intransigent,NEG,1,Y,
intricate,POS,1,Y,
intrigue,POS,1,Y,
intriguing,POS,1,Y,
intriguingly,POS,1,Y,
intrude,NEG,1,Y,
intrusion,NEG,1,Y,
intrusive,NEG,1,Y,
intuitive,POS,1,Y,
inundate,NEG,1,Y,
inundated,NEG,1,Y,
invader,NEG,1,Y,
invalid,NEG,1,Y,
invalidate,NEG,1,Y,
invalidity,NEG,1,Y,
invaluable,POS,1,Y,
invaluablely,POS,1,Y,
invasive,NEG,1,Y,
invective,NEG,1,Y,
inveigle,NEG,1,Y,
inventive,POS,1,Y,
invidious,NEG,1,Y,
invidiously,NEG,1,Y,
invidiousness,NEG,1,Y,
invigorate,POS,1,Y,
invigorating,POS,1,Y,
invincibility,POS,1,Y,
invincible,POS,1,Y,
inviolable,POS,1,Y,
inviolate,POS,1,Y,
invisible,NEG,1,Y,
involuntarily,NEG,1,Y,
involuntary,NEG,1,Y,
invulnerable,POS,1,Y,
irascible,NEG,1,Y,
irate,NEG,1,Y,
irately,NEG,1,Y,
ire,NEG,1,Y,
irk,NEG,1,Y,
irked,NEG,1,Y,
irking,NEG,1,Y,
irks,NEG,1,Y,
irksome,NEG,1,Y,
irksomely,NEG,1,Y,
irksomeness,NEG,1,Y,
irksomenesses,NEG,1,Y,
ironic,NEG,1,Y,
ironical,NEG,1,Y,
ironically,NEG,1,Y,
ironies,NEG,1,Y,
irony,NEG,1,Y,
irragularity,NEG,1,Y,
irrational,NEG,1,Y,
irrationalities,NEG,1,Y,
irrationality,NEG,1,Y,
irrationally,NEG,1,Y,
irrationals,NEG,1,Y,
irreconcilable,NEG,1,Y,
irrecoverable,NEG,1,Y,
irrecoverableness,NEG,1,Y,
irrecoverablenesses,NEG,1,Y,
irrecoverably,NEG,1,Y,
irredeemable,NEG,1,Y,
irredeemably,NEG,1,Y,
irreformable,NEG,1,Y,
irregular,NEG,1,Y,
irregularity,NEG,1,Y,
irrelevance,NEG,1,Y,
irrelevant,NEG,1,Y,
irreparable,NEG,1,Y,
irreplaceable,POS,1,Y,
irreplacible,NEG,1,Y,
irrepressible,NEG,1,Y,
irreproachable,POS,1,Y,
irresistible,POS,1,Y,
irresistibly,POS,1,Y,
irresolute,NEG,1,Y,
irresolvable,NEG,1,Y,
irresponsible,NEG,1,Y,
irresponsibly,NEG,1,Y,
irretating,NEG,1,Y,
irretrievable,NEG,1,Y,
irreversible,NEG,1,Y,
irritable,NEG,1,Y,
irritably,NEG,1,Y,
irritant,NEG,1,Y,
irritate,NEG,1,Y,
irritated,NEG,1,Y,
irritating,NEG,1,Y,Y
irritation,NEG,1,Y,
irritations,NEG,1,Y,
isolate,NEG,1,Y,
isolated,NEG,1,Y,
isolation,NEG,1,Y,
issue,NEG,1,Y,
issue-free,POS,1,Y,
issues,NEG,1,Y,
itch,NEG,1,Y,
itching,NEG,1,Y,
itchy,NEG,1,Y,
jabber,NEG,1,Y,
jaded,NEG,1,Y,
jagged,NEG,1,Y,
jam,NEG,1,Y,
jarring,NEG,1,Y,
jaundiced,NEG,1,Y,
jaw-droping,POS,1,Y,
jaw-dropping,POS,1,Y,
jealous,NEG,1,Y,
jealously,NEG,1,Y,
jealousness,NEG,1,Y,
jealousy,NEG,1,Y,
jeer,NEG,1,Y,
jeering,NEG,1,Y,
jeeringly,NEG,1,Y,
jeers,NEG,1,Y,
jeopardize,NEG,1,Y,
jeopardy,NEG,1,Y,
jerk,NEG,1,Y,
jerky,NEG,1,Y,
jitter,NEG,1,Y,
jitters,NEG,1,Y,
jittery,NEG,1,Y,
job-killing,NEG,1,Y,
jobless,NEG,1,Y,
joke,NEG,1,Y,
joker,NEG,1,Y,
jollify,POS,1,Y,
jolly,POS,1,Y,
jolt,NEG,1,Y,
jovial,POS,1,Y,
joy,POS,1,Y,
joyful,POS,1,Y,
joyfully,POS,1,Y,
joyous,POS,1,Y,
joyously,POS,1,Y,
jubilant,POS,1,Y,
jubilantly,POS,1,Y,
jubilate,POS,1,Y,
jubilation,POS,1,Y,
jubiliant,POS,1,Y,
judder,NEG,1,Y,
juddering,NEG,1,Y,
judders,NEG,1,Y,
judicious,POS,1,Y,
jumpy,NEG,1,Y,
junk,NEG,1,Y,
junky,NEG,1,Y,
junkyard,NEG,1,Y,
justly,POS,1,Y,
jutter,NEG,1,Y,
jutters,NEG,1,Y,
kaput,NEG,1,Y,
keen,POS,1,Y,
keenly,POS,1,Y,
keenness,POS,1,Y,
kid-friendly,POS,1,Y,
kill,NEG,1,Y,
killed,NEG,1,Y,
killer,NEG,1,Y,
killing,NEG,1,Y,
killjoy,NEG,1,Y,
kills,NEG,1,Y,
kindliness,POS,1,Y,
kindly,POS,1,Y,
kindness,POS,1,Y,
knave,NEG,1,Y,
knife,NEG,1,Y,
knock,NEG,1,Y,
knotted,NEG,1,Y,
knowledgeable,POS,1,Y,
kook,NEG,1,Y,
kooky,NEG,1,Y,
kudos,POS,1,Y,
lack,NEG,1,Y,
lackadaisical,NEG,1,Y,
lacked,NEG,1,Y,
lackey,NEG,1,Y,
lackeys,NEG,1,Y,
lacking,NEG,1,Y,
lackluster,NEG,1,Y,
lacks,NEG,1,Y,
laconic,NEG,1,Y,
lag,NEG,1,Y,
lagged,NEG,1,Y,
lagging,NEG,1,Y,
laggy,NEG,1,Y,
lags,NEG,1,Y,
laid-off,NEG,1,Y,
lambast,NEG,1,Y,
lambaste,NEG,1,Y,
lame,NEG,1,Y,
lame-duck,NEG,1,Y,
lament,NEG,1,Y,
lamentable,NEG,1,Y,
lamentably,NEG,1,Y,
languid,NEG,1,Y,
languish,NEG,1,Y,
languor,NEG,1,Y,
languorous,NEG,1,Y,
languorously,NEG,1,Y,
lanky,NEG,1,Y,
lapse,NEG,1,Y,
lapsed,NEG,1,Y,
lapses,NEG,1,Y,
large-capacity,POS,1,Y,
lascivious,NEG,1,Y,
last-ditch,NEG,1,Y,
latency,NEG,1,Y,
laud,POS,1,Y,
laudable,POS,1,Y,
laudably,POS,1,Y,
laughable,NEG,1,Y,
laughably,NEG,1,Y,
laughingstock,NEG,1,Y,
lavish,POS,1,Y,
lavishly,POS,1,Y,
law-abiding,POS,1,Y,
lawbreaker,NEG,1,Y,
lawbreaking,NEG,1,Y,
lawful,POS,1,Y,
lawfully,POS,1,Y,
lawless,NEG,1,Y,
lawlessness,NEG,1,Y,
layoff,NEG,1,Y,
layoff-happy,NEG,1,Y,
lazy,NEG,1,Y,
lead,POS,1,Y,
leading,POS,1,Y,
leads,POS,1,Y,
leak,NEG,1,Y,
leakage,NEG,1,Y,
leakages,NEG,1,Y,
leaking,NEG,1,Y,
leaks,NEG,1,Y,
leaky,NEG,1,Y,
lean,POS,1,Y,
lech,NEG,1,Y,
lecher,NEG,1,Y,
lecherous,NEG,1,Y,
lechery,NEG,1,Y,
led,POS,1,Y,
leech,NEG,1,Y,
leer,NEG,1,Y,
leery,NEG,1,Y,
left-leaning,NEG,1,Y,
legendary,POS,1,Y,
lemon,NEG,1,Y,
lengthy,NEG,1,Y,
less-developed,NEG,1,Y,
lesser-known,NEG,1,Y,
letch,NEG,1,Y,
lethal,NEG,1,Y,
lethargic,NEG,1,Y,
lethargy,NEG,1,Y,
leverage,POS,1,Y,
levity,POS,1,Y,
lewd,NEG,1,Y,
lewdly,NEG,1,Y,
lewdness,NEG,1,Y,
liability,NEG,1,Y,
liable,NEG,1,Y,
liar,NEG,1,Y,
liars,NEG,1,Y,
liberate,POS,1,Y,
liberation,POS,1,Y,
liberty,POS,1,Y,
licentious,NEG,1,Y,
licentiously,NEG,1,Y,
licentiousness,NEG,1,Y,
lie,NEG,1,Y,
lied,NEG,1,Y,
lier,NEG,1,Y,
lies,NEG,1,Y,
life-threatening,NEG,1,Y,
lifeless,NEG,1,Y,
lifesaver,POS,1,Y,
light-hearted,POS,1,Y,
lighter,POS,1,Y,
likable,POS,1,Y,
like,POS,1,Y,
liked,POS,1,Y,
likes,POS,1,Y,
liking,POS,1,Y,
limit,NEG,1,Y,
limitation,NEG,1,Y,
limitations,NEG,1,Y,
limited,NEG,1,Y,
limits,NEG,1,Y,
limp,NEG,1,Y,
lionhearted,POS,1,Y,
listless,NEG,1,Y,
litigious,NEG,1,Y,
little-known,NEG,1,Y,
lively,POS,1,Y,
livid,NEG,1,Y,
lividly,NEG,1,Y,
loath,NEG,1,Y,
loathe,NEG,1,Y,
loathing,NEG,1,Y,
loathly,NEG,1,Y,
loathsome,NEG,1,Y,
loathsomely,NEG,1,Y,
logical,POS,1,Y,
lone,NEG,1,Y,
loneliness,NEG,1,Y,
lonely,NEG,1,Y,
loner,NEG,1,Y,
lonesome,NEG,1,Y,
long-lasting,POS,1,Y,
long-time,NEG,1,Y,
long-winded,NEG,1,Y,
longing,NEG,1,Y,
longingly,NEG,1,Y,
loophole,NEG,1,Y,
loopholes,NEG,1,Y,
loose,NEG,1,Y,
loot,NEG,1,Y,
lorn,NEG,1,Y,
lose,NEG,1,Y,
loser,NEG,1,Y,
losers,NEG,1,Y,
loses,NEG,1,Y,
losing,NEG,1,Y,
loss,NEG,1,Y,
losses,NEG,1,Y,
lost,NEG,1,Y,
loud,NEG,1,Y,
louder,NEG,1,Y,
lousy,NEG,1,Y,Y
lovable,POS,1,Y,
lovably,POS,1,Y,
love,POS,1,Y,
loved,POS,1,Y,
loveless,NEG,1,Y,
loveliness,POS,1,Y,
lovelorn,NEG,1,Y,
lovely,POS,1,Y,
lover,POS,1,Y,
loves,POS,1,Y,
loving,POS,1,Y,
low-cost,POS,1,Y,
low-price,POS,1,Y,
low-priced,POS,1,Y,
low-rated,NEG,1,Y,
low-risk,POS,1,Y,
lower-priced,POS,1,Y,
lowly,NEG,1,Y,
loyal,POS,1,Y,
loyalty,POS,1,Y,
lucid,POS,1,Y,
lucidly,POS,1,Y,
luck,POS,1,Y,
luckier,POS,1,Y,
luckiest,POS,1,Y,
luckiness,POS,1,Y,
lucky,POS,1,Y,
lucrative,POS,1,Y,
ludicrous,NEG,1,Y,
ludicrously,NEG,1,Y,
lugubrious,NEG,1,Y,
lukewarm,NEG,1,Y,
lull,NEG,1,Y,
luminous,POS,1,Y,
lumpy,NEG,1,Y,
lunatic,NEG,1,Y,
lunaticism,NEG,1,Y,
lurch,NEG,1,Y,
lure,NEG,1,Y,
lurid,NEG,1,Y,
lurk,NEG,1,Y,
lurking,NEG,1,Y,
lush,POS,1,Y,
luster,POS,1,Y,
lustrous,POS,1,Y,
luxuriant,POS,1,Y,
luxuriate,POS,1,Y,
luxurious,POS,1,Y,Y
luxuriously,POS,1,Y,
luxury,POS,1,Y,
lying,NEG,1,Y,
lyrical,POS,1,Y,
macabre,NEG,1,Y,
mad,NEG,1,Y,
madden,NEG,1,Y,
maddening,NEG,1,Y,
maddeningly,NEG,1,Y,
madder,NEG,1,Y,
madly,NEG,1,Y,
madman,NEG,1,Y,
madness,NEG,1,Y,
magic,POS,1,Y,
magical,POS,1,Y,
magnanimous,POS,1,Y,
magnanimously,POS,1,Y,
magnificence,POS,1,Y,
magnificent,POS,1,Y,Y
magnificently,POS,1,Y,Y
majestic,POS,1,Y,
majesty,POS,1,Y,
maladjusted,NEG,1,Y,
maladjustment,NEG,1,Y,
malady,NEG,1,Y,
malaise,NEG,1,Y,
malcontent,NEG,1,Y,
malcontented,NEG,1,Y,
maledict,NEG,1,Y,
malevolence,NEG,1,Y,
malevolent,NEG,1,Y,
malevolently,NEG,1,Y,
malice,NEG,1,Y,
malicious,NEG,1,Y,
maliciously,NEG,1,Y,
maliciousness,NEG,1,Y,
malign,NEG,1,Y,
malignant,NEG,1,Y,
malodorous,NEG,1,Y,
maltreatment,NEG,1,Y,
manageable,POS,1,Y,
maneuverable,POS,1,Y,
mangle,NEG,1,Y,
mangled,NEG,1,Y,
mangles,NEG,1,Y,
mangling,NEG,1,Y,
mania,NEG,1,Y,
maniac,NEG,1,Y,
maniacal,NEG,1,Y,
manic,NEG,1,Y,
manipulate,NEG,1,Y,
manipulation,NEG,1,Y,
manipulative,NEG,1,Y,
manipulators,NEG,1,Y,
mar,NEG,1,Y,
marginal,NEG,1,Y,
marginally,NEG,1,Y,
martyrdom,NEG,1,Y,
martyrdom-seeking,NEG,1,Y,
marvel,POS,1,Y,
marveled,POS,1,Y,
marvelled,POS,1,Y,
marvellous,POS,1,Y,
marvelous,POS,1,Y,
marvelously,POS,1,Y,
marvelousness,POS,1,Y,
marvels,POS,1,Y,
mashed,NEG,1,Y,
massacre,NEG,1,Y,
massacres,NEG,1,Y,
master,POS,1,Y,
masterful,POS,1,Y,
masterfully,POS,1,Y,
masterpiece,POS,1,Y,
masterpieces,POS,1,Y,
masters,POS,1,Y,
mastery,POS,1,Y,
matchless,POS,1,Y,
matte,NEG,1,Y,
mature,POS,1,Y,
maturely,POS,1,Y,
maturity,POS,1,Y,
mawkish,NEG,1,Y,
mawkishly,NEG,1,Y,
mawkishness,NEG,1,Y,
meager,NEG,1,Y,
meaningful,POS,1,Y,
meaningless,NEG,1,Y,
meanness,NEG,1,Y,
measly,NEG,1,Y,
meddle,NEG,1,Y,
meddlesome,NEG,1,Y,
mediocre,NEG,1,Y,
mediocrity,NEG,1,Y,
melancholy,NEG,1,Y,
melodramatic,NEG,1,Y,
melodramatically,NEG,1,Y,
meltdown,NEG,1,Y,
memorable,POS,1,Y,
menace,NEG,1,Y,
menacing,NEG,1,Y,
menacingly,NEG,1,Y,
mendacious,NEG,1,Y,
mendacity,NEG,1,Y,
menial,NEG,1,Y,
merciful,POS,1,Y,
mercifully,POS,1,Y,
merciless,NEG,1,Y,
mercilessly,NEG,1,Y,
mercy,POS,1,Y,
merit,POS,1,Y,
meritorious,POS,1,Y,
merrily,POS,1,Y,
merriment,POS,1,Y,
merriness,POS,1,Y,
merry,POS,1,Y,
mesmerize,POS,1,Y,
mesmerized,POS,1,Y,
mesmerizes,POS,1,Y,
mesmerizing,POS,1,Y,
mesmerizingly,POS,1,Y,
mess,NEG,1,Y,
messed,NEG,1,Y,
messes,NEG,1,Y,
messing,NEG,1,Y,
messy,NEG,1,Y,
meticulous,POS,1,Y,
meticulously,POS,1,Y,
midget,NEG,1,Y,
miff,NEG,1,Y,
mightily,POS,1,Y,
mighty,POS,1,Y,
militancy,NEG,1,Y,
mind-blowing,POS,1,Y,
mindless,NEG,1,Y,
mindlessly,NEG,1,Y,
miracle,POS,1,Y,
miracles,POS,1,Y,
miraculous,POS,1,Y,
miraculously,POS,1,Y,
miraculousness,POS,1,Y,
mirage,NEG,1,Y,
mire,NEG,1,Y,
misalign,NEG,1,Y,
misaligned,NEG,1,Y,
misaligns,NEG,1,Y,
misapprehend,NEG,1,Y,
misbecome,NEG,1,Y,
misbecoming,NEG,1,Y,
misbegotten,NEG,1,Y,
misbehave,NEG,1,Y,
misbehavior,NEG,1,Y,
miscalculate,NEG,1,Y,
miscalculation,NEG,1,Y,
miscellaneous,NEG,1,Y,
mischief,NEG,1,Y,
mischievous,NEG,1,Y,
mischievously,NEG,1,Y,
misconception,NEG,1,Y,
misconceptions,NEG,1,Y,
miscreant,NEG,1,Y,
miscreants,NEG,1,Y,
misdirection,NEG,1,Y,
miser,NEG,1,Y,
miserable,NEG,1,Y,Y
miserableness,NEG,1,Y,
miserably,NEG,1,Y,
miseries,NEG,1,Y,
miserly,NEG,1,Y,
misery,NEG,1,Y,
misfit,NEG,1,Y,
misfortune,NEG,1,Y,
misgiving,NEG,1,Y,
misgivings,NEG,1,Y,
misguidance,NEG,1,Y,
misguide,NEG,1,Y,
misguided,NEG,1,Y,
mishandle,NEG,1,Y,
mishap,NEG,1,Y,
misinform,NEG,1,Y,
misinformed,NEG,1,Y,
misinterpret,NEG,1,Y,
misjudge,NEG,1,Y,
misjudgment,NEG,1,Y,
mislead,NEG,1,Y,
misleading,NEG,1,Y,
misleadingly,NEG,1,Y,
mislike,NEG,1,Y,
mismanage,NEG,1,Y,
mispronounce,NEG,1,Y,
mispronounced,NEG,1,Y,
mispronounces,NEG,1,Y,
misread,NEG,1,Y,
misreading,NEG,1,Y,
misrepresent,NEG,1,Y,
misrepresentation,NEG,1,Y,
miss,NEG,1,Y,
missed,NEG,1,Y,
misses,NEG,1,Y,
misstatement,NEG,1,Y,
mist,NEG,1,Y,
mistake,NEG,1,Y,
mistaken,NEG,1,Y,
mistakenly,NEG,1,Y,
mistakes,NEG,1,Y,
mistified,NEG,1,Y,
mistress,NEG,1,Y,
mistrust,NEG,1,Y,
mistrustful,NEG,1,Y,
mistrustfully,NEG,1,Y,
mists,NEG,1,Y,
misunderstand,NEG,1,Y,
misunderstanding,NEG,1,Y,
misunderstandings,NEG,1,Y,
misunderstood,NEG,1,Y,
misuse,NEG,1,Y,
moan,NEG,1,Y,
mobster,NEG,1,Y,
mock,NEG,1,Y,
mocked,NEG,1,Y,
mockeries,NEG,1,Y,
mockery,NEG,1,Y,
mocking,NEG,1,Y,
mockingly,NEG,1,Y,
mocks,NEG,1,Y,
modern,POS,1,Y,
modest,POS,1,Y,
modesty,POS,1,Y,
molest,NEG,1,Y,
molestation,NEG,1,Y,
momentous,POS,1,Y,
monotonous,NEG,1,Y,
monotony,NEG,1,Y,
monster,NEG,1,Y,
monstrosities,NEG,1,Y,
monstrosity,NEG,1,Y,
monstrous,NEG,1,Y,
monstrously,NEG,1,Y,
monumental,POS,1,Y,
monumentally,POS,1,Y,
moody,NEG,1,Y,
moot,NEG,1,Y,
mope,NEG,1,Y,
morality,POS,1,Y,
morbid,NEG,1,Y,
morbidly,NEG,1,Y,
mordant,NEG,1,Y,
mordantly,NEG,1,Y,
moribund,NEG,1,Y,
moron,NEG,1,Y,
moronic,NEG,1,Y,
morons,NEG,1,Y,
mortification,NEG,1,Y,
mortified,NEG,1,Y,
mortify,NEG,1,Y,
mortifying,NEG,1,Y,
motionless,NEG,1,Y,
motivated,POS,1,Y,
motley,NEG,1,Y,
mourn,NEG,1,Y,
mourner,NEG,1,Y,
mournful,NEG,1,Y,
mournfully,NEG,1,Y,
muddle,NEG,1,Y,
muddy,NEG,1,Y,
mudslinger,NEG,1,Y,
mudslinging,NEG,1,Y,
mulish,NEG,1,Y,
multi-polarization,NEG,1,Y,
multi-purpose,POS,1,Y,
mundane,NEG,1,Y,
murder,NEG,1,Y,
murderer,NEG,1,Y,
murderous,NEG,1,Y,
murderously,NEG,1,Y,
murky,NEG,1,Y,
muscle-flexing,NEG,1,Y,
mushy,NEG,1,Y,
musty,NEG,1,Y,
mysterious,NEG,1,Y,
mysteriously,NEG,1,Y,
mystery,NEG,1,Y,
mystify,NEG,1,Y,
myth,NEG,1,Y,
nag,NEG,1,Y,
nagging,NEG,1,Y,
naive,NEG,1,Y,
naively,NEG,1,Y,
naÔve,NEG,1,Y,
narrower,NEG,1,Y,
nastily,NEG,1,Y,
nastiness,NEG,1,Y,
nasty,NEG,1,Y,
naughty,NEG,1,Y,
nauseate,NEG,1,Y,
nauseates,NEG,1,Y,
nauseating,NEG,1,Y,
nauseatingly,NEG,1,Y,
navigable,POS,1,Y,
neat,POS,1,Y,
neatest,POS,1,Y,
neatly,POS,1,Y,
nebulous,NEG,1,Y,
nebulously,NEG,1,Y,
needless,NEG,1,Y,
needlessly,NEG,1,Y,
needy,NEG,1,Y,
nefarious,NEG,1,Y,
nefariously,NEG,1,Y,
negate,NEG,1,Y,
negation,NEG,1,Y,
negative,NEG,1,Y,
negatives,NEG,1,Y,
negativity,NEG,1,Y,
neglect,NEG,1,Y,
neglected,NEG,1,Y,
negligence,NEG,1,Y,
negligent,NEG,1,Y,
nemesis,NEG,1,Y,
nepotism,NEG,1,Y,
nervous,NEG,1,Y,
nervously,NEG,1,Y,
nervousness,NEG,1,Y,
nettle,NEG,1,Y,
nettlesome,NEG,1,Y,
neurotic,NEG,1,Y,
neurotically,NEG,1,Y,
nice,POS,1,Y,Y
nicely,POS,1,Y,
nicer,POS,1,Y,
nicest,POS,1,Y,
nifty,POS,1,Y,
niggle,NEG,1,Y,
niggles,NEG,1,Y,
nightmare,NEG,1,Y,
nightmarish,NEG,1,Y,
nightmarishly,NEG,1,Y,
nimble,POS,1,Y,
nitpick,NEG,1,Y,
nitpicking,NEG,1,Y,
noble,POS,1,Y,
nobly,POS,1,Y,
noise,NEG,1,Y,
noiseless,POS,1,Y,
noises,NEG,1,Y,
noisier,NEG,1,Y,
noisy,NEG,1,Y,
non-confidence,NEG,1,Y,
non-violence,POS,1,Y,
non-violent,POS,1,Y,
nonexistent,NEG,1,Y,
nonresponsive,NEG,1,Y,
nonsense,NEG,1,Y,
nosey,NEG,1,Y,
notably,POS,1,Y,
noteworthy,POS,1,Y,
notoriety,NEG,1,Y,
notorious,NEG,1,Y,
notoriously,NEG,1,Y,
nourish,POS,1,Y,
nourishing,POS,1,Y,
nourishment,POS,1,Y,
novelty,POS,1,Y,
noxious,NEG,1,Y,
nuisance,NEG,1,Y,
numb,NEG,1,Y,
nurturing,POS,1,Y,
oasis,POS,1,Y,
obese,NEG,1,Y,
object,NEG,1,Y,
objection,NEG,1,Y,
objectionable,NEG,1,Y,
objections,NEG,1,Y,
oblique,NEG,1,Y,
obliterate,NEG,1,Y,
obliterated,NEG,1,Y,
oblivious,NEG,1,Y,
obnoxious,NEG,1,Y,
obnoxiously,NEG,1,Y,
obscene,NEG,1,Y,
obscenely,NEG,1,Y,
obscenity,NEG,1,Y,
obscure,NEG,1,Y,
obscured,NEG,1,Y,
obscures,NEG,1,Y,
obscurity,NEG,1,Y,
obsess,NEG,1,Y,
obsession,POS,1,Y,
obsessions,POS,1,Y,
obsessive,NEG,1,Y,
obsessively,NEG,1,Y,
obsessiveness,NEG,1,Y,
obsolete,NEG,1,Y,
obstacle,NEG,1,Y,
obstinate,NEG,1,Y,
obstinately,NEG,1,Y,
obstruct,NEG,1,Y,
obstructed,NEG,1,Y,
obstructing,NEG,1,Y,
obstruction,NEG,1,Y,
obstructs,NEG,1,Y,
obtainable,POS,1,Y,
obtrusive,NEG,1,Y,
obtuse,NEG,1,Y,
occlude,NEG,1,Y,
occluded,NEG,1,Y,
occludes,NEG,1,Y,
occluding,NEG,1,Y,
odd,NEG,1,Y,
odder,NEG,1,Y,
oddest,NEG,1,Y,
oddities,NEG,1,Y,
oddity,NEG,1,Y,
oddly,NEG,1,Y,
odor,NEG,1,Y,
offence,NEG,1,Y,
offend,NEG,1,Y,
offender,NEG,1,Y,
offending,NEG,1,Y,
offenses,NEG,1,Y,
offensive,NEG,1,Y,
offensively,NEG,1,Y,
offensiveness,NEG,1,Y,
officious,NEG,1,Y,
ominous,NEG,1,Y,
ominously,NEG,1,Y,
omission,NEG,1,Y,
omit,NEG,1,Y,
one-sided,NEG,1,Y,
onerous,NEG,1,Y,
onerously,NEG,1,Y,
onslaught,NEG,1,Y,
openly,POS,1,Y,
openness,POS,1,Y,
opinionated,NEG,1,Y,
opponent,NEG,1,Y,
opportunistic,NEG,1,Y,
oppose,NEG,1,Y,
opposition,NEG,1,Y,
oppositions,NEG,1,Y,
oppress,NEG,1,Y,
oppression,NEG,1,Y,
oppressive,NEG,1,Y,
oppressively,NEG,1,Y,
oppressiveness,NEG,1,Y,
oppressors,NEG,1,Y,
optimal,POS,1,Y,
optimism,POS,1,Y,
optimistic,POS,1,Y,
opulent,POS,1,Y,
ordeal,NEG,1,Y,
orderly,POS,1,Y,
originality,POS,1,Y,
orphan,NEG,1,Y,
ostracize,NEG,1,Y,
outbreak,NEG,1,Y,
outburst,NEG,1,Y,
outbursts,NEG,1,Y,
outcast,NEG,1,Y,
outcry,NEG,1,Y,
outdo,POS,1,Y,
outdone,POS,1,Y,
outlaw,NEG,1,Y,
outmoded,NEG,1,Y,
outperform,POS,1,Y,
outperformed,POS,1,Y,
outperforming,POS,1,Y,
outperforms,POS,1,Y,
outrage,NEG,1,Y,
outraged,NEG,1,Y,
outrageous,NEG,1,Y,
outrageously,NEG,1,Y,
outrageousness,NEG,1,Y,
outrages,NEG,1,Y,
outshine,POS,1,Y,
outshone,POS,1,Y,
outsider,NEG,1,Y,
outsmart,POS,1,Y,
outstanding,POS,1,Y,
outstandingly,POS,1,Y,
outstrip,POS,1,Y,
outwit,POS,1,Y,
ovation,POS,1,Y,
over-acted,NEG,1,Y,
over-awe,NEG,1,Y,
over-balanced,NEG,1,Y,
over-hyped,NEG,1,Y,
over-priced,NEG,1,Y,
over-valuation,NEG,1,Y,
overact,NEG,1,Y,
overacted,NEG,1,Y,
overawe,NEG,1,Y,
overbalance,NEG,1,Y,
overbalanced,NEG,1,Y,
overbearing,NEG,1,Y,
overbearingly,NEG,1,Y,
overblown,NEG,1,Y,
overdo,NEG,1,Y,
overdone,NEG,1,Y,
overdue,NEG,1,Y,
overemphasize,NEG,1,Y,
overheat,NEG,1,Y,
overjoyed,POS,1,Y,
overkill,NEG,1,Y,
overloaded,NEG,1,Y,
overlook,NEG,1,Y,
overpaid,NEG,1,Y,
overpayed,NEG,1,Y,
overplay,NEG,1,Y,
overpower,NEG,1,Y,
overpriced,NEG,1,Y,
overrated,NEG,1,Y,
overreach,NEG,1,Y,
overrun,NEG,1,Y,
overshadow,NEG,1,Y,
oversight,NEG,1,Y,
oversights,NEG,1,Y,
oversimplification,NEG,1,Y,
oversimplified,NEG,1,Y,
oversimplify,NEG,1,Y,
oversize,NEG,1,Y,
overstate,NEG,1,Y,
overstated,NEG,1,Y,
overstatement,NEG,1,Y,
overstatements,NEG,1,Y,
overstates,NEG,1,Y,
overtake,POS,1,Y,
overtaken,POS,1,Y,
overtakes,POS,1,Y,
overtaking,POS,1,Y,
overtaxed,NEG,1,Y,
overthrow,NEG,1,Y,
overthrows,NEG,1,Y,
overtook,POS,1,Y,
overture,POS,1,Y,
overturn,NEG,1,Y,
overweight,NEG,1,Y,
overwhelm,NEG,1,Y,
overwhelmed,NEG,1,Y,
overwhelming,NEG,1,Y,
overwhelmingly,NEG,1,Y,
overwhelms,NEG,1,Y,
overzealous,NEG,1,Y,
overzealously,NEG,1,Y,
overzelous,NEG,1,Y,
pain,NEG,1,Y,
pain-free,POS,1,Y,
painful,NEG,1,Y,
painfull,NEG,1,Y,
painfully,NEG,1,Y,
painless,POS,1,Y,
painlessly,POS,1,Y,
pains,NEG,1,Y,
palatial,POS,1,Y,
pale,NEG,1,Y,
pales,NEG,1,Y,
paltry,NEG,1,Y,
pamper,POS,1,Y,
pampered,POS,1,Y,
pamperedly,POS,1,Y,
pamperedness,POS,1,Y,
pampers,POS,1,Y,
pan,NEG,1,Y,
pandemonium,NEG,1,Y,
pander,NEG,1,Y,
pandering,NEG,1,Y,
panders,NEG,1,Y,
panic,NEG,1,Y,
panick,NEG,1,Y,
panicked,NEG,1,Y,
panicking,NEG,1,Y,
panicky,NEG,1,Y,
panoramic,POS,1,Y,
paradise,POS,1,Y,
paradoxical,NEG,1,Y,
paradoxically,NEG,1,Y,
paralize,NEG,1,Y,
paralyzed,NEG,1,Y,
paramount,POS,1,Y,
paranoia,NEG,1,Y,
paranoid,NEG,1,Y,
parasite,NEG,1,Y,
pardon,POS,1,Y,
pariah,NEG,1,Y,
parody,NEG,1,Y,
partiality,NEG,1,Y,
partisan,NEG,1,Y,
partisans,NEG,1,Y,
passe,NEG,1,Y,
passion,POS,1,Y,
passionate,POS,1,Y,
passionately,POS,1,Y,
passive,NEG,1,Y,
passiveness,NEG,1,Y,
pathetic,NEG,1,Y,
pathetically,NEG,1,Y,
patience,POS,1,Y,
patient,POS,1,Y,
patiently,POS,1,Y,
patriot,POS,1,Y,
patriotic,POS,1,Y,
patronize,NEG,1,Y,
paucity,NEG,1,Y,
pauper,NEG,1,Y,
paupers,NEG,1,Y,
payback,NEG,1,Y,
peace,POS,1,Y,
peaceable,POS,1,Y,
peaceful,POS,1,Y,
peacefully,POS,1,Y,
peacekeepers,POS,1,Y,
peach,POS,1,Y,
peculiar,NEG,1,Y,
peculiarly,NEG,1,Y,
pedantic,NEG,1,Y,
peeled,NEG,1,Y,
peerless,POS,1,Y,
peeve,NEG,1,Y,
peeved,NEG,1,Y,
peevish,NEG,1,Y,
peevishly,NEG,1,Y,
penalize,NEG,1,Y,
penalty,NEG,1,Y,
pep,POS,1,Y,
pepped,POS,1,Y,
pepping,POS,1,Y,
peppy,POS,1,Y,
peps,POS,1,Y,
perfect,POS,1,Y,
perfection,POS,1,Y,
perfectly,POS,1,Y,
perfidious,NEG,1,Y,
perfidity,NEG,1,Y,
perfunctory,NEG,1,Y,
peril,NEG,1,Y,
perilous,NEG,1,Y,
perilously,NEG,1,Y,
perish,NEG,1,Y,
permissible,POS,1,Y,
pernicious,NEG,1,Y,
perplex,NEG,1,Y,
perplexed,NEG,1,Y,
perplexing,NEG,1,Y,
perplexity,NEG,1,Y,
persecute,NEG,1,Y,
persecution,NEG,1,Y,
perseverance,POS,1,Y,
persevere,POS,1,Y,
personages,POS,1,Y,
personalized,POS,1,Y,
pertinacious,NEG,1,Y,
pertinaciously,NEG,1,Y,
pertinacity,NEG,1,Y,
perturb,NEG,1,Y,
perturbed,NEG,1,Y,
pervasive,NEG,1,Y,
perverse,NEG,1,Y,
perversely,NEG,1,Y,
perversion,NEG,1,Y,
perversity,NEG,1,Y,
pervert,NEG,1,Y,
perverted,NEG,1,Y,
perverts,NEG,1,Y,
pessimism,NEG,1,Y,
pessimistic,NEG,1,Y,
pessimistically,NEG,1,Y,
pest,NEG,1,Y,
pestilent,NEG,1,Y,
petrified,NEG,1,Y,
petrify,NEG,1,Y,
pettifog,NEG,1,Y,
petty,NEG,1,Y,
phenomenal,POS,1,Y,
phenomenally,POS,1,Y,
phobia,NEG,1,Y,
phobic,NEG,1,Y,
phony,NEG,1,Y,
picket,NEG,1,Y,
picketed,NEG,1,Y,
picketing,NEG,1,Y,
pickets,NEG,1,Y,
picky,NEG,1,Y,
picturesque,POS,1,Y,
piety,POS,1,Y,
pig,NEG,1,Y,
pigs,NEG,1,Y,
pillage,NEG,1,Y,
pillory,NEG,1,Y,
pimple,NEG,1,Y,
pinch,NEG,1,Y,
pinnacle,POS,1,Y,
pique,NEG,1,Y,
pitiable,NEG,1,Y,
pitiful,NEG,1,Y,
pitifully,NEG,1,Y,
pitiless,NEG,1,Y,
pitilessly,NEG,1,Y,
pittance,NEG,1,Y,
pity,NEG,1,Y,
plagiarize,NEG,1,Y,
plague,NEG,1,Y,
plasticky,NEG,1,Y,
playful,POS,1,Y,
playfully,POS,1,Y,
plaything,NEG,1,Y,
plea,NEG,1,Y,
pleas,NEG,1,Y,
pleasant,POS,1,Y,
pleasantly,POS,1,Y,
pleased,POS,1,Y,
pleases,POS,1,Y,
pleasing,POS,1,Y,
pleasingly,POS,1,Y,
pleasurable,POS,1,Y,
pleasurably,POS,1,Y,
pleasure,POS,1,Y,
plebeian,NEG,1,Y,
plentiful,POS,1,Y,
plight,NEG,1,Y,
plot,NEG,1,Y,
plotters,NEG,1,Y,
ploy,NEG,1,Y,
plunder,NEG,1,Y,
plunderer,NEG,1,Y,
pluses,POS,1,Y,
plush,POS,1,Y,
plusses,POS,1,Y,
poetic,POS,1,Y,
poeticize,POS,1,Y,
poignant,POS,1,Y,
pointless,NEG,1,Y,
pointlessly,NEG,1,Y,
poise,POS,1,Y,
poised,POS,1,Y,
poison,NEG,1,Y,
poisonous,NEG,1,Y,
poisonously,NEG,1,Y,
pokey,NEG,1,Y,
poky,NEG,1,Y,
polarisation,NEG,1,Y,
polemize,NEG,1,Y,
polished,POS,1,Y,
polite,POS,1,Y,
politeness,POS,1,Y,
pollute,NEG,1,Y,
polluter,NEG,1,Y,
polluters,NEG,1,Y,
polution,NEG,1,Y,
pompous,NEG,1,Y,
poor,NEG,1,Y,
poorer,NEG,1,Y,
poorest,NEG,1,Y,
poorly,NEG,1,Y,
popular,POS,1,Y,
portable,POS,1,Y,
posh,POS,1,Y,
positive,POS,1,Y,
positively,POS,1,Y,
positives,POS,1,Y,
posturing,NEG,1,Y,
pout,NEG,1,Y,
poverty,NEG,1,Y,
powerful,POS,1,Y,
powerfully,POS,1,Y,
powerless,NEG,1,Y,
praise,POS,1,Y,
praiseworthy,POS,1,Y,
praising,POS,1,Y,
prate,NEG,1,Y,
pratfall,NEG,1,Y,
prattle,NEG,1,Y,
pre-eminent,POS,1,Y,
precarious,NEG,1,Y,
precariously,NEG,1,Y,
precious,POS,1,Y,
precipitate,NEG,1,Y,
precipitous,NEG,1,Y,
precise,POS,1,Y,
precisely,POS,1,Y,
predatory,NEG,1,Y,
predicament,NEG,1,Y,
preeminent,POS,1,Y,
prefer,POS,1,Y,
preferable,POS,1,Y,
preferably,POS,1,Y,
prefered,POS,1,Y,
preferes,POS,1,Y,
preferred,POS,1,Y,
preferring,POS,1,Y,
prefers,POS,1,Y,
prejudge,NEG,1,Y,
prejudice,NEG,1,Y,
prejudices,NEG,1,Y,
prejudicial,NEG,1,Y,
premeditated,NEG,1,Y,
premier,POS,1,Y,
preoccupy,NEG,1,Y,
preposterous,NEG,1,Y,
preposterously,NEG,1,Y,
prestige,POS,1,Y,
prestigious,POS,1,Y,
presumptuous,NEG,1,Y,
presumptuously,NEG,1,Y,
pretence,NEG,1,Y,
pretend,NEG,1,Y,
pretense,NEG,1,Y,
pretentious,NEG,1,Y,
pretentiously,NEG,1,Y,
prettily,POS,1,Y,
pretty,POS,1,Y,
prevaricate,NEG,1,Y,
priceless,POS,1,Y,
pricey,NEG,1,Y,
pricier,NEG,1,Y,
prick,NEG,1,Y,
prickle,NEG,1,Y,
prickles,NEG,1,Y,
pride,POS,1,Y,
prideful,NEG,1,Y,
prik,NEG,1,Y,
primitive,NEG,1,Y,
principled,POS,1,Y,
prison,NEG,1,Y,
prisoner,NEG,1,Y,
privilege,POS,1,Y,
privileged,POS,1,Y,
prize,POS,1,Y,
proactive,POS,1,Y,
problem,NEG,1,Y,
problem-free,POS,1,Y,
problem-solver,POS,1,Y,
problematic,NEG,1,Y,
problems,NEG,1,Y,
procrastinate,NEG,1,Y,
procrastinates,NEG,1,Y,
procrastination,NEG,1,Y,
prodigious,POS,1,Y,
prodigiously,POS,1,Y,
prodigy,POS,1,Y,
productive,POS,1,Y,
productively,POS,1,Y,
profane,NEG,1,Y,
profanity,NEG,1,Y,
proficient,POS,1,Y,
proficiently,POS,1,Y,
profound,POS,1,Y,
profoundly,POS,1,Y,
profuse,POS,1,Y,
profusion,POS,1,Y,
progress,POS,1,Y,
progressive,POS,1,Y,
prohibit,NEG,1,Y,
prohibitive,NEG,1,Y,
prohibitively,NEG,1,Y,
prolific,POS,1,Y,
prominence,POS,1,Y,
prominent,POS,1,Y,
promise,POS,1,Y,
promised,POS,1,Y,
promises,POS,1,Y,
promising,POS,1,Y,
promoter,POS,1,Y,
prompt,POS,1,Y,
promptly,POS,1,Y,
propaganda,NEG,1,Y,
propagandize,NEG,1,Y,
proper,POS,1,Y,
properly,POS,1,Y,
propitious,POS,1,Y,
propitiously,POS,1,Y,
proprietary,NEG,1,Y,
pros,POS,1,Y,
prosecute,NEG,1,Y,
prosper,POS,1,Y,
prosperity,POS,1,Y,
prosperous,POS,1,Y,
prospros,POS,1,Y,
protect,POS,1,Y,
protection,POS,1,Y,
protective,POS,1,Y,
protest,NEG,1,Y,
protested,NEG,1,Y,
protesting,NEG,1,Y,
protests,NEG,1,Y,
protracted,NEG,1,Y,
proud,POS,1,Y,
proven,POS,1,Y,
proves,POS,1,Y,
providence,POS,1,Y,
proving,POS,1,Y,
provocation,NEG,1,Y,
provocative,NEG,1,Y,
provoke,NEG,1,Y,
prowess,POS,1,Y,
prudence,POS,1,Y,
prudent,POS,1,Y,
prudently,POS,1,Y,
pry,NEG,1,Y,
pugnacious,NEG,1,Y,
pugnaciously,NEG,1,Y,
pugnacity,NEG,1,Y,
punch,NEG,1,Y,
punctual,POS,1,Y,
punish,NEG,1,Y,
punishable,NEG,1,Y,
punitive,NEG,1,Y,
punk,NEG,1,Y,
puny,NEG,1,Y,
puppet,NEG,1,Y,
puppets,NEG,1,Y,
pure,POS,1,Y,
purify,POS,1,Y,
purposeful,POS,1,Y,
puzzled,NEG,1,Y,
puzzlement,NEG,1,Y,
puzzling,NEG,1,Y,
quack,NEG,1,Y,
quaint,POS,1,Y,
qualified,POS,1,Y,
qualify,POS,1,Y,
qualm,NEG,1,Y,
qualms,NEG,1,Y,
quandary,NEG,1,Y,
quarrel,NEG,1,Y,
quarrellous,NEG,1,Y,
quarrellously,NEG,1,Y,
quarrels,NEG,1,Y,
quarrelsome,NEG,1,Y,
quash,NEG,1,Y,
queer,NEG,1,Y,
questionable,NEG,1,Y,
quibble,NEG,1,Y,
quibbles,NEG,1,Y,
quicker,POS,1,Y,
quiet,POS,1,Y,
quieter,POS,1,Y,
quitter,NEG,1,Y,
rabid,NEG,1,Y,
racism,NEG,1,Y,
racist,NEG,1,Y,
racists,NEG,1,Y,
racy,NEG,1,Y,
radiance,POS,1,Y,
radiant,POS,1,Y,
radical,NEG,1,Y,
radicalization,NEG,1,Y,
radically,NEG,1,Y,
radicals,NEG,1,Y,
rage,NEG,1,Y,
ragged,NEG,1,Y,
raging,NEG,1,Y,
rail,NEG,1,Y,
raked,NEG,1,Y,
rampage,NEG,1,Y,
rampant,NEG,1,Y,
ramshackle,NEG,1,Y,
rancor,NEG,1,Y,
randomly,NEG,1,Y,
rankle,NEG,1,Y,
rant,NEG,1,Y,
ranted,NEG,1,Y,
ranting,NEG,1,Y,
rantingly,NEG,1,Y,
rants,NEG,1,Y,
rape,NEG,1,Y,
raped,NEG,1,Y,
rapid,POS,1,Y,
raping,NEG,1,Y,
rapport,POS,1,Y,
rapt,POS,1,Y,
rapture,POS,1,Y,
raptureous,POS,1,Y,
raptureously,POS,1,Y,
rapturous,POS,1,Y,
rapturously,POS,1,Y,
rascal,NEG,1,Y,
rascals,NEG,1,Y,
rash,NEG,1,Y,
rational,POS,1,Y,
rattle,NEG,1,Y,
rattled,NEG,1,Y,
rattles,NEG,1,Y,
ravage,NEG,1,Y,
raving,NEG,1,Y,
razor-sharp,POS,1,Y,
reachable,POS,1,Y,
reactionary,NEG,1,Y,
readable,POS,1,Y,
readily,POS,1,Y,
ready,POS,1,Y,
reaffirm,POS,1,Y,
reaffirmation,POS,1,Y,
realistic,POS,1,Y,
realizable,POS,1,Y,
reasonable,POS,1,Y,
reasonably,POS,1,Y,
reasoned,POS,1,Y,
reassurance,POS,1,Y,
reassure,POS,1,Y,
rebellious,NEG,1,Y,
rebuff,NEG,1,Y,
rebuke,NEG,1,Y,
recalcitrant,NEG,1,Y,
recant,NEG,1,Y,
receptive,POS,1,Y,
recession,NEG,1,Y,
recessionary,NEG,1,Y,
reckless,NEG,1,Y,
recklessly,NEG,1,Y,
recklessness,NEG,1,Y,
reclaim,POS,1,Y,
recoil,NEG,1,Y,
recomend,POS,1,Y,
recommend,POS,1,Y,
recommendation,POS,1,Y,
recommendations,POS,1,Y,
recommended,POS,1,Y,
reconcile,POS,1,Y,
reconciliation,POS,1,Y,
record-setting,POS,1,Y,
recourses,NEG,1,Y,
recover,POS,1,Y,
recovery,POS,1,Y,
rectification,POS,1,Y,
rectify,POS,1,Y,
rectifying,POS,1,Y,
redeem,POS,1,Y,
redeeming,POS,1,Y,
redemption,POS,1,Y,
redundancy,NEG,1,Y,
redundant,NEG,1,Y,
refine,POS,1,Y,
refined,POS,1,Y,
refinement,POS,1,Y,
reform,POS,1,Y,
reformed,POS,1,Y,
reforming,POS,1,Y,
reforms,POS,1,Y,
refresh,POS,1,Y,
refreshed,POS,1,Y,
refreshing,POS,1,Y,
refund,POS,1,Y,
refunded,POS,1,Y,
refusal,NEG,1,Y,
refuse,NEG,1,Y,
refused,NEG,1,Y,
refuses,NEG,1,Y,
refusing,NEG,1,Y,
refutation,NEG,1,Y,
refute,NEG,1,Y,
refuted,NEG,1,Y,
refutes,NEG,1,Y,
refuting,NEG,1,Y,
regal,POS,1,Y,
regally,POS,1,Y,
regard,POS,1,Y,
regress,NEG,1,Y,
regression,NEG,1,Y,
regressive,NEG,1,Y,
regret,NEG,1,Y,
regreted,NEG,1,Y,
regretful,NEG,1,Y,
regretfully,NEG,1,Y,
regrets,NEG,1,Y,
regrettable,NEG,1,Y,
regrettably,NEG,1,Y,
regretted,NEG,1,Y,
reject,NEG,1,Y,
rejected,NEG,1,Y,
rejecting,NEG,1,Y,
rejection,NEG,1,Y,
rejects,NEG,1,Y,
rejoice,POS,1,Y,
rejoicing,POS,1,Y,
rejoicingly,POS,1,Y,
rejuvenate,POS,1,Y,
rejuvenated,POS,1,Y,
rejuvenating,POS,1,Y,
relapse,NEG,1,Y,
relaxed,POS,1,Y,
relent,POS,1,Y,
relentless,NEG,1,Y,
relentlessly,NEG,1,Y,
relentlessness,NEG,1,Y,
reliable,POS,1,Y,
reliably,POS,1,Y,
relief,POS,1,Y,
relish,POS,1,Y,
reluctance,NEG,1,Y,
reluctant,NEG,1,Y,
reluctantly,NEG,1,Y,
remarkable,POS,1,Y,
remarkably,POS,1,Y,
remedy,POS,1,Y,
remission,POS,1,Y,
remorse,NEG,1,Y,
remorseful,NEG,1,Y,
remorsefully,NEG,1,Y,
remorseless,NEG,1,Y,
remorselessly,NEG,1,Y,
remorselessness,NEG,1,Y,
remunerate,POS,1,Y,
renaissance,POS,1,Y,
renewed,POS,1,Y,
renounce,NEG,1,Y,
renown,POS,1,Y,
renowned,POS,1,Y,
renunciation,NEG,1,Y,
repel,NEG,1,Y,
repetitive,NEG,1,Y,
replaceable,POS,1,Y,
reprehensible,NEG,1,Y,
reprehensibly,NEG,1,Y,
reprehension,NEG,1,Y,
reprehensive,NEG,1,Y,
repress,NEG,1,Y,
repression,NEG,1,Y,
repressive,NEG,1,Y,
reprimand,NEG,1,Y,
reproach,NEG,1,Y,
reproachful,NEG,1,Y,
reprove,NEG,1,Y,
reprovingly,NEG,1,Y,
repudiate,NEG,1,Y,
repudiation,NEG,1,Y,
repugn,NEG,1,Y,
repugnance,NEG,1,Y,
repugnant,NEG,1,Y,
repugnantly,NEG,1,Y,
repulse,NEG,1,Y,
repulsed,NEG,1,Y,
repulsing,NEG,1,Y,
repulsive,NEG,1,Y,
repulsively,NEG,1,Y,
repulsiveness,NEG,1,Y,
reputable,POS,1,Y,
reputation,POS,1,Y,
resent,NEG,1,Y,
resentful,NEG,1,Y,
resentment,NEG,1,Y,
resignation,NEG,1,Y,
resigned,NEG,1,Y,
resilient,POS,1,Y,
resistance,NEG,1,Y,
resolute,POS,1,Y,
resound,POS,1,Y,
resounding,POS,1,Y,
resourceful,POS,1,Y,
resourcefulness,POS,1,Y,
respect,POS,1,Y,
respectable,POS,1,Y,
respectful,POS,1,Y,
respectfully,POS,1,Y,
respite,POS,1,Y,
resplendent,POS,1,Y,
responsibly,POS,1,Y,
responsive,POS,1,Y,
restful,POS,1,Y,
restless,NEG,1,Y,
restlessness,NEG,1,Y,
restored,POS,1,Y,
restrict,NEG,1,Y,
restricted,NEG,1,Y,
restriction,NEG,1,Y,
restrictive,NEG,1,Y,
restructure,POS,1,Y,
restructured,POS,1,Y,
restructuring,POS,1,Y,
resurgent,NEG,1,Y,
retaliate,NEG,1,Y,
retaliatory,NEG,1,Y,
retard,NEG,1,Y,
retarded,NEG,1,Y,
retardedness,NEG,1,Y,
retards,NEG,1,Y,
reticent,NEG,1,Y,
retract,NEG,1,Y,
retractable,POS,1,Y,
retreat,NEG,1,Y,
retreated,NEG,1,Y,
revel,POS,1,Y,
revelation,POS,1,Y,
revenge,NEG,1,Y,
revengeful,NEG,1,Y,
revengefully,NEG,1,Y,
revere,POS,1,Y,
reverence,POS,1,Y,
reverent,POS,1,Y,
reverently,POS,1,Y,
revert,NEG,1,Y,
revile,NEG,1,Y,
reviled,NEG,1,Y,
revitalize,POS,1,Y,
revival,POS,1,Y,
revive,POS,1,Y,
revives,POS,1,Y,
revoke,NEG,1,Y,
revolt,NEG,1,Y,
revolting,NEG,1,Y,
revoltingly,NEG,1,Y,
revolutionary,POS,1,Y,
revolutionize,POS,1,Y,
revolutionized,POS,1,Y,
revolutionizes,POS,1,Y,
revulsion,NEG,1,Y,
revulsive,NEG,1,Y,
reward,POS,1,Y,
rewarding,POS,1,Y,Y
rewardingly,POS,1,Y,
rhapsodize,NEG,1,Y,
rhetoric,NEG,1,Y,
rhetorical,NEG,1,Y,
ricer,NEG,1,Y,
rich,POS,1,Y,
richer,POS,1,Y,
richly,POS,1,Y,
richness,POS,1,Y,
ridicule,NEG,1,Y,
ridicules,NEG,1,Y,
ridiculous,NEG,1,Y,
ridiculously,NEG,1,Y,
rife,NEG,1,Y,
rift,NEG,1,Y,
rifts,NEG,1,Y,
right,POS,1,Y,
righten,POS,1,Y,
righteous,POS,1,Y,
righteously,POS,1,Y,
righteousness,POS,1,Y,
rightful,POS,1,Y,
rightfully,POS,1,Y,
rightly,POS,1,Y,
rightness,POS,1,Y,
rigid,NEG,1,Y,
rigidity,NEG,1,Y,
rigidness,NEG,1,Y,
rile,NEG,1,Y,
riled,NEG,1,Y,
rip,NEG,1,Y,
rip-off,NEG,1,Y,
ripoff,NEG,1,Y,
ripped,NEG,1,Y,
risk,NEG,1,Y,
risk-free,POS,1,Y,
risks,NEG,1,Y,
risky,NEG,1,Y,
rival,NEG,1,Y,
rivalry,NEG,1,Y,
roadblocks,NEG,1,Y,
robust,POS,1,Y,
rock-star,POS,1,Y,
rock-stars,POS,1,Y,
rockstar,POS,1,Y,
rockstars,POS,1,Y,
rocky,NEG,1,Y,
rogue,NEG,1,Y,
rollercoaster,NEG,1,Y,
romantic,POS,1,Y,
romantically,POS,1,Y,
romanticize,POS,1,Y,
roomier,POS,1,Y,
roomy,POS,1,Y,
rosy,POS,1,Y,
rot,NEG,1,Y,
rotten,NEG,1,Y,
rough,NEG,1,Y,
rremediable,NEG,1,Y,
rubbish,NEG,1,Y,Y
rude,NEG,1,Y,
rue,NEG,1,Y,
ruffian,NEG,1,Y,
ruffle,NEG,1,Y,
ruin,NEG,1,Y,Y
ruined,NEG,1,Y,
ruining,NEG,1,Y,
ruinous,NEG,1,Y,
ruins,NEG,1,Y,
rumbling,NEG,1,Y,
rumor,NEG,1,Y,
rumors,NEG,1,Y,
rumours,NEG,1,Y,
rumple,NEG,1,Y,
run-down,NEG,1,Y,
runaway,NEG,1,Y,
rupture,NEG,1,Y,
rust,NEG,1,Y,
rusts,NEG,1,Y,
rusty,NEG,1,Y,
rut,NEG,1,Y,
ruthless,NEG,1,Y,
ruthlessly,NEG,1,Y,
ruthlessness,NEG,1,Y,
ruts,NEG,1,Y,
sabotage,NEG,1,Y,
sack,NEG,1,Y,
sacrificed,NEG,1,Y,
sad,NEG,1,Y,
sadden,NEG,1,Y,
sadly,NEG,1,Y,
sadness,NEG,1,Y,
safe,POS,1,Y,
safely,POS,1,Y,
sag,NEG,1,Y,
sagacity,POS,1,Y,
sagely,POS,1,Y,
sagged,NEG,1,Y,
sagging,NEG,1,Y,
saggy,NEG,1,Y,
sags,NEG,1,Y,
saint,POS,1,Y,
saintliness,POS,1,Y,
saintly,POS,1,Y,
salacious,NEG,1,Y,
salutary,POS,1,Y,
salute,POS,1,Y,
sanctimonious,NEG,1,Y,
sane,POS,1,Y,
sap,NEG,1,Y,
sarcasm,NEG,1,Y,
sarcastic,NEG,1,Y,
sarcastically,NEG,1,Y,
sardonic,NEG,1,Y,
sardonically,NEG,1,Y,
sass,NEG,1,Y,
satirical,NEG,1,Y,
satirize,NEG,1,Y,
satisfactorily,POS,1,Y,
satisfactory,POS,1,Y,
satisfied,POS,1,Y,
satisfies,POS,1,Y,
satisfy,POS,1,Y,
satisfying,POS,1,Y,
satisified,POS,1,Y,
savage,NEG,1,Y,
savaged,NEG,1,Y,
savagery,NEG,1,Y,
savages,NEG,1,Y,
saver,POS,1,Y,
savings,POS,1,Y,
savior,POS,1,Y,
savvy,POS,1,Y,
scaly,NEG,1,Y,
scam,NEG,1,Y,
scams,NEG,1,Y,
scandal,NEG,1,Y,
scandalize,NEG,1,Y,
scandalized,NEG,1,Y,
scandalous,NEG,1,Y,
scandalously,NEG,1,Y,
scandals,NEG,1,Y,
scandel,NEG,1,Y,
scandels,NEG,1,Y,
scant,NEG,1,Y,
scapegoat,NEG,1,Y,
scar,NEG,1,Y,
scarce,NEG,1,Y,
scarcely,NEG,1,Y,
scarcity,NEG,1,Y,
scare,NEG,1,Y,
scared,NEG,1,Y,
scarier,NEG,1,Y,
scariest,NEG,1,Y,
scarily,NEG,1,Y,
scarred,NEG,1,Y,
scars,NEG,1,Y,
scary,NEG,1,Y,
scathing,NEG,1,Y,
scathingly,NEG,1,Y,
scenic,POS,1,Y,
sceptical,NEG,1,Y,
scoff,NEG,1,Y,
scoffingly,NEG,1,Y,
scold,NEG,1,Y,
scolded,NEG,1,Y,
scolding,NEG,1,Y,
scoldingly,NEG,1,Y,
scorching,NEG,1,Y,
scorchingly,NEG,1,Y,
scorn,NEG,1,Y,
scornful,NEG,1,Y,
scornfully,NEG,1,Y,
scoundrel,NEG,1,Y,
scourge,NEG,1,Y,
scowl,NEG,1,Y,
scramble,NEG,1,Y,
scrambled,NEG,1,Y,
scrambles,NEG,1,Y,
scrambling,NEG,1,Y,
scrap,NEG,1,Y,
scratch,NEG,1,Y,
scratched,NEG,1,Y,
scratches,NEG,1,Y,
scratchy,NEG,1,Y,
scream,NEG,1,Y,
screech,NEG,1,Y,
screw-up,NEG,1,Y,
screwed,NEG,1,Y,
screwed-up,NEG,1,Y,
screwy,NEG,1,Y,
scuff,NEG,1,Y,
scuffs,NEG,1,Y,
scum,NEG,1,Y,
scummy,NEG,1,Y,
seamless,POS,1,Y,
seasoned,POS,1,Y,
second-class,NEG,1,Y,
second-tier,NEG,1,Y,
secretive,NEG,1,Y,
secure,POS,1,Y,
securely,POS,1,Y,
sedentary,NEG,1,Y,
seedy,NEG,1,Y,
seethe,NEG,1,Y,
seething,NEG,1,Y,
selective,POS,1,Y,
self-coup,NEG,1,Y,
self-criticism,NEG,1,Y,
self-defeating,NEG,1,Y,
self-destructive,NEG,1,Y,
self-determination,POS,1,Y,
self-humiliation,NEG,1,Y,
self-interest,NEG,1,Y,
self-interested,NEG,1,Y,
self-respect,POS,1,Y,
self-satisfaction,POS,1,Y,
self-serving,NEG,1,Y,
self-sufficiency,POS,1,Y,
self-sufficient,POS,1,Y,
selfinterested,NEG,1,Y,
selfish,NEG,1,Y,
selfishly,NEG,1,Y,
selfishness,NEG,1,Y,
semi-retarded,NEG,1,Y,
senile,NEG,1,Y,
sensation,POS,1,Y,
sensational,POS,1,Y,
sensationalize,NEG,1,Y,
sensationally,POS,1,Y,
sensations,POS,1,Y,
senseless,NEG,1,Y,
senselessly,NEG,1,Y,
sensible,POS,1,Y,
sensibly,POS,1,Y,
sensitive,POS,1,Y,
serene,POS,1,Y,
serenity,POS,1,Y,
seriousness,NEG,1,Y,
sermonize,NEG,1,Y,
servitude,NEG,1,Y,
set-up,NEG,1,Y,
setback,NEG,1,Y,
setbacks,NEG,1,Y,
sever,NEG,1,Y,
severe,NEG,1,Y,
severity,NEG,1,Y,
sexy,POS,1,Y,
sh*t,NEG,1,Y,
shabby,NEG,1,Y,
shadowy,NEG,1,Y,
shady,NEG,1,Y,
shake,NEG,1,Y,
shaky,NEG,1,Y,
shallow,NEG,1,Y,
sham,NEG,1,Y,
shambles,NEG,1,Y,
shame,NEG,1,Y,
shameful,NEG,1,Y,
shamefully,NEG,1,Y,
shamefulness,NEG,1,Y,
shameless,NEG,1,Y,
shamelessly,NEG,1,Y,
shamelessness,NEG,1,Y,
shark,NEG,1,Y,
sharp,POS,1,Y,
sharper,POS,1,Y,
sharpest,POS,1,Y,
sharply,NEG,1,Y,
shatter,NEG,1,Y,
shemale,NEG,1,Y,
shimmer,NEG,1,Y,
shimmering,POS,1,Y,
shimmeringly,POS,1,Y,
shimmy,NEG,1,Y,
shine,POS,1,Y,
shiny,POS,1,Y,
shipwreck,NEG,1,Y,
shirk,NEG,1,Y,
shirker,NEG,1,Y,
shit,NEG,1,Y,
shiver,NEG,1,Y,
shock,NEG,1,Y,
shocked,NEG,1,Y,
shocking,NEG,1,Y,
shockingly,NEG,1,Y,
shoddy,NEG,1,Y,
short-lived,NEG,1,Y,
shortage,NEG,1,Y,
shortchange,NEG,1,Y,
shortcoming,NEG,1,Y,
shortcomings,NEG,1,Y,
shortness,NEG,1,Y,
shortsighted,NEG,1,Y,
shortsightedness,NEG,1,Y,
showdown,NEG,1,Y,
shrew,NEG,1,Y,
shriek,NEG,1,Y,
shrill,NEG,1,Y,
shrilly,NEG,1,Y,
shrivel,NEG,1,Y,
shroud,NEG,1,Y,
shrouded,NEG,1,Y,
shrug,NEG,1,Y,
shun,NEG,1,Y,
shunned,NEG,1,Y,
sick,NEG,1,Y,
sicken,NEG,1,Y,
sickening,NEG,1,Y,
sickeningly,NEG,1,Y,
sickly,NEG,1,Y,
sickness,NEG,1,Y,
sidetrack,NEG,1,Y,
sidetracked,NEG,1,Y,
siege,NEG,1,Y,
significant,POS,1,Y,
silent,POS,1,Y,
sillily,NEG,1,Y,
silly,NEG,1,Y,
simpler,POS,1,Y,
simplest,POS,1,Y,
simplified,POS,1,Y,
simplifies,POS,1,Y,
simplify,POS,1,Y,
simplifying,POS,1,Y,
simplistic,NEG,1,Y,
simplistically,NEG,1,Y,
sin,NEG,1,Y,
sincere,POS,1,Y,
sincerely,POS,1,Y,
sincerity,POS,1,Y,
sinful,NEG,1,Y,
sinfully,NEG,1,Y,
sinister,NEG,1,Y,
sinisterly,NEG,1,Y,
sink,NEG,1,Y,
sinking,NEG,1,Y,
skeletons,NEG,1,Y,
skeptic,NEG,1,Y,
skeptical,NEG,1,Y,
skeptically,NEG,1,Y,
skepticism,NEG,1,Y,
sketchy,NEG,1,Y,
skill,POS,1,Y,
skilled,POS,1,Y,
skillful,POS,1,Y,
skillfully,POS,1,Y,
skimpy,NEG,1,Y,
skinny,NEG,1,Y,
skittish,NEG,1,Y,
skittishly,NEG,1,Y,
skulk,NEG,1,Y,
slack,NEG,1,Y,
slammin,POS,1,Y,
slander,NEG,1,Y,
slanderer,NEG,1,Y,
slanderous,NEG,1,Y,
slanderously,NEG,1,Y,
slanders,NEG,1,Y,
slap,NEG,1,Y,
slashing,NEG,1,Y,
slaughter,NEG,1,Y,
slaughtered,NEG,1,Y,
slave,NEG,1,Y,
slaves,NEG,1,Y,
sleazy,NEG,1,Y,
sleek,POS,1,Y,
slick,POS,1,Y,
slime,NEG,1,Y,
slog,NEG,1,Y,
slogged,NEG,1,Y,
slogging,NEG,1,Y,
slogs,NEG,1,Y,
sloooooooooooooow,NEG,1,Y,
sloooow,NEG,1,Y,
slooow,NEG,1,Y,
sloow,NEG,1,Y,
sloppily,NEG,1,Y,
sloppy,NEG,1,Y,
sloth,NEG,1,Y,
slothful,NEG,1,Y,
slow,NEG,1,Y,
slow-moving,NEG,1,Y,
slowed,NEG,1,Y,
slower,NEG,1,Y,
slowest,NEG,1,Y,
slowly,NEG,1,Y,
sloww,NEG,1,Y,
slowww,NEG,1,Y,
slowwww,NEG,1,Y,
slug,NEG,1,Y,
sluggish,NEG,1,Y,
slump,NEG,1,Y,
slumping,NEG,1,Y,
slumpping,NEG,1,Y,
slur,NEG,1,Y,
slut,NEG,1,Y,
sluts,NEG,1,Y,
sly,NEG,1,Y,
smack,NEG,1,Y,
smallish,NEG,1,Y,
smart,POS,1,Y,
smarter,POS,1,Y,
smartest,POS,1,Y,
smartly,POS,1,Y,
smash,NEG,1,Y,
smear,NEG,1,Y,
smell,NEG,1,Y,
smelled,NEG,1,Y,
smelling,NEG,1,Y,
smells,NEG,1,Y,
smelly,NEG,1,Y,
smelt,NEG,1,Y,
smile,POS,1,Y,
smiles,POS,1,Y,
smiling,POS,1,Y,
smilingly,POS,1,Y,
smitten,POS,1,Y,
smoke,NEG,1,Y,
smokescreen,NEG,1,Y,
smolder,NEG,1,Y,
smoldering,NEG,1,Y,
smooth,POS,1,Y,
smoother,POS,1,Y,
smoothes,POS,1,Y,
smoothest,POS,1,Y,
smoothly,POS,1,Y,
smother,NEG,1,Y,
smoulder,NEG,1,Y,
smouldering,NEG,1,Y,
smudge,NEG,1,Y,
smudged,NEG,1,Y,
smudges,NEG,1,Y,
smudging,NEG,1,Y,
smug,NEG,1,Y,
smugly,NEG,1,Y,
smut,NEG,1,Y,
smuttier,NEG,1,Y,
smuttiest,NEG,1,Y,
smutty,NEG,1,Y,
snag,NEG,1,Y,
snagged,NEG,1,Y,
snagging,NEG,1,Y,
snags,NEG,1,Y,
snappish,NEG,1,Y,
snappishly,NEG,1,Y,
snappy,POS,1,Y,
snare,NEG,1,Y,
snarky,NEG,1,Y,
snarl,NEG,1,Y,
snazzy,POS,1,Y,
sneak,NEG,1,Y,
sneakily,NEG,1,Y,
sneaky,NEG,1,Y,
sneer,NEG,1,Y,
sneering,NEG,1,Y,
sneeringly,NEG,1,Y,
snob,NEG,1,Y,
snobbish,NEG,1,Y,
snobby,NEG,1,Y,
snobish,NEG,1,Y,
snobs,NEG,1,Y,
snub,NEG,1,Y,
so-cal,NEG,1,Y,
soapy,NEG,1,Y,
sob,NEG,1,Y,
sober,NEG,1,Y,
sobering,NEG,1,Y,
sociable,POS,1,Y,
soft,POS,1,Y,
softer,POS,1,Y,
solace,POS,1,Y,
solemn,NEG,1,Y,
solicitous,POS,1,Y,
solicitously,POS,1,Y,
solicitude,NEG,1,Y,
solid,POS,1,Y,
solidarity,POS,1,Y,
somber,NEG,1,Y,
soothe,POS,1,Y,
soothingly,POS,1,Y,
sophisticated,POS,1,Y,
sore,NEG,1,Y,
sorely,NEG,1,Y,
soreness,NEG,1,Y,
sorrow,NEG,1,Y,
sorrowful,NEG,1,Y,
sorrowfully,NEG,1,Y,
sorry,NEG,1,Y,
soulful,POS,1,Y,
soundly,POS,1,Y,
soundness,POS,1,Y,
sour,NEG,1,Y,
sourly,NEG,1,Y,
spacious,POS,1,Y,
spade,NEG,1,Y,
spank,NEG,1,Y,
sparkle,POS,1,Y,
sparkling,POS,1,Y,
spectacular,POS,1,Y,
spectacularly,POS,1,Y,
speedily,POS,1,Y,
speedy,POS,1,Y,
spellbind,POS,1,Y,
spellbinding,POS,1,Y,
spellbindingly,POS,1,Y,
spellbound,POS,1,Y,
spendy,NEG,1,Y,
spew,NEG,1,Y,
spewed,NEG,1,Y,
spewing,NEG,1,Y,
spews,NEG,1,Y,
spilling,NEG,1,Y,
spinster,NEG,1,Y,
spirited,POS,1,Y,
spiritless,NEG,1,Y,
spiritual,POS,1,Y,
spite,NEG,1,Y,
spiteful,NEG,1,Y,
spitefully,NEG,1,Y,
spitefulness,NEG,1,Y,
splatter,NEG,1,Y,
splendid,POS,1,Y,
splendidly,POS,1,Y,
splendor,POS,1,Y,
split,NEG,1,Y,
splitting,NEG,1,Y,
spoil,NEG,1,Y,
spoilage,NEG,1,Y,
spoilages,NEG,1,Y,
spoiled,NEG,1,Y,
spoilled,NEG,1,Y,
spoils,NEG,1,Y,
spontaneous,POS,1,Y,
spook,NEG,1,Y,
spookier,NEG,1,Y,
spookiest,NEG,1,Y,
spookily,NEG,1,Y,
spooky,NEG,1,Y,
spoon-fed,NEG,1,Y,
spoon-feed,NEG,1,Y,
spoonfed,NEG,1,Y,
sporadic,NEG,1,Y,
sporty,POS,1,Y,
spotless,POS,1,Y,
spotty,NEG,1,Y,
sprightly,POS,1,Y,
spurious,NEG,1,Y,
spurn,NEG,1,Y,
sputter,NEG,1,Y,
squabble,NEG,1,Y,
squabbling,NEG,1,Y,
squander,NEG,1,Y,
squash,NEG,1,Y,
squeak,NEG,1,Y,
squeaks,NEG,1,Y,
squeaky,NEG,1,Y,
squeal,NEG,1,Y,
squealing,NEG,1,Y,
squeals,NEG,1,Y,
squirm,NEG,1,Y,
stab,NEG,1,Y,
stability,POS,1,Y,
stabilize,POS,1,Y,
stable,POS,1,Y,
stagnant,NEG,1,Y,
stagnate,NEG,1,Y,
stagnation,NEG,1,Y,
staid,NEG,1,Y,
stain,NEG,1,Y,
stainless,POS,1,Y,
stains,NEG,1,Y,
stale,NEG,1,Y,
stalemate,NEG,1,Y,
stall,NEG,1,Y,
stalls,NEG,1,Y,
stammer,NEG,1,Y,
stampede,NEG,1,Y,
standout,POS,1,Y,
standstill,NEG,1,Y,
stark,NEG,1,Y,
starkly,NEG,1,Y,
startle,NEG,1,Y,
startling,NEG,1,Y,
startlingly,NEG,1,Y,
starvation,NEG,1,Y,
starve,NEG,1,Y,
state-of-the-art,POS,1,Y,
stately,POS,1,Y,
static,NEG,1,Y,
statuesque,POS,1,Y,
staunch,POS,1,Y,
staunchly,POS,1,Y,
staunchness,POS,1,Y,
steadfast,POS,1,Y,
steadfastly,POS,1,Y,
steadfastness,POS,1,Y,
steadiest,POS,1,Y,
steadiness,POS,1,Y,
steady,POS,1,Y,
steal,NEG,1,Y,
stealing,NEG,1,Y,
steals,NEG,1,Y,
steep,NEG,1,Y,
steeply,NEG,1,Y,
stellar,POS,1,Y,
stellarly,POS,1,Y,
stench,NEG,1,Y,
stereotype,NEG,1,Y,
stereotypical,NEG,1,Y,
stereotypically,NEG,1,Y,
stern,NEG,1,Y,
stew,NEG,1,Y,
sticky,NEG,1,Y,
stiff,NEG,1,Y,
stiffness,NEG,1,Y,
stifle,NEG,1,Y,
stifling,NEG,1,Y,
stiflingly,NEG,1,Y,
stigma,NEG,1,Y,
stigmatize,NEG,1,Y,
stimulate,POS,1,Y,
stimulates,POS,1,Y,
stimulating,POS,1,Y,
stimulative,POS,1,Y,
sting,NEG,1,Y,
stinging,NEG,1,Y,
stingingly,NEG,1,Y,
stingy,NEG,1,Y,
stink,NEG,1,Y,
stinks,NEG,1,Y,
stirringly,POS,1,Y,
stodgy,NEG,1,Y,
stole,NEG,1,Y,
stolen,NEG,1,Y,
stooge,NEG,1,Y,
stooges,NEG,1,Y,
stormy,NEG,1,Y,
straggle,NEG,1,Y,
straggler,NEG,1,Y,
straighten,POS,1,Y,
straightforward,POS,1,Y,
strain,NEG,1,Y,
strained,NEG,1,Y,
straining,NEG,1,Y,
strange,NEG,1,Y,
strangely,NEG,1,Y,
stranger,NEG,1,Y,
strangest,NEG,1,Y,
strangle,NEG,1,Y,
streaky,NEG,1,Y,
streamlined,POS,1,Y,
strenuous,NEG,1,Y,
stress,NEG,1,Y,
stresses,NEG,1,Y,
stressful,NEG,1,Y,
stressfully,NEG,1,Y,
stricken,NEG,1,Y,
strict,NEG,1,Y,
strictly,NEG,1,Y,
strident,NEG,1,Y,
stridently,NEG,1,Y,
strife,NEG,1,Y,
strike,NEG,1,Y,
striking,POS,1,Y,
strikingly,POS,1,Y,
stringent,NEG,1,Y,
stringently,NEG,1,Y,
striving,POS,1,Y,
strong,POS,1,Y,
stronger,POS,1,Y,
strongest,POS,1,Y,
struck,NEG,1,Y,
struggle,NEG,1,Y,
struggled,NEG,1,Y,
struggles,NEG,1,Y,
struggling,NEG,1,Y,
strut,NEG,1,Y,
stubborn,NEG,1,Y,
stubbornly,NEG,1,Y,
stubbornness,NEG,1,Y,
stuck,NEG,1,Y,
stuffy,NEG,1,Y,
stumble,NEG,1,Y,
stumbled,NEG,1,Y,
stumbles,NEG,1,Y,
stump,NEG,1,Y,
stumped,NEG,1,Y,
stumps,NEG,1,Y,
stun,NEG,1,Y,
stunned,POS,1,Y,
stunning,POS,1,Y,
stunningly,POS,1,Y,
stunt,NEG,1,Y,
stunted,NEG,1,Y,
stupendous,POS,1,Y,
stupendously,POS,1,Y,
stupid,NEG,1,Y,
stupidest,NEG,1,Y,
stupidity,NEG,1,Y,
stupidly,NEG,1,Y,
stupified,NEG,1,Y,
stupify,NEG,1,Y,
stupor,NEG,1,Y,
sturdier,POS,1,Y,
sturdy,POS,1,Y,
stutter,NEG,1,Y,
stuttered,NEG,1,Y,
stuttering,NEG,1,Y,
stutters,NEG,1,Y,
sty,NEG,1,Y,
stylish,POS,1,Y,
stylishly,POS,1,Y,
stylized,POS,1,Y,
stymied,NEG,1,Y,
suave,POS,1,Y,
suavely,POS,1,Y,
sub-par,NEG,1,Y,
subdued,NEG,1,Y,
subjected,NEG,1,Y,
subjection,NEG,1,Y,
subjugate,NEG,1,Y,
subjugation,NEG,1,Y,
sublime,POS,1,Y,
submissive,NEG,1,Y,
subordinate,NEG,1,Y,
subpoena,NEG,1,Y,
subpoenas,NEG,1,Y,
subservience,NEG,1,Y,
subservient,NEG,1,Y,
subsidize,POS,1,Y,
subsidized,POS,1,Y,
subsidizes,POS,1,Y,
subsidizing,POS,1,Y,
substandard,NEG,1,Y,
substantive,POS,1,Y,
subtract,NEG,1,Y,
subversion,NEG,1,Y,
subversive,NEG,1,Y,
subversively,NEG,1,Y,
subvert,NEG,1,Y,
succeed,POS,1,Y,
succeeded,POS,1,Y,
succeeding,POS,1,Y,
succeeds,POS,1,Y,
succes,POS,1,Y,
success,POS,1,Y,
successes,POS,1,Y,
successful,POS,1,Y,
successfully,POS,1,Y,
succumb,NEG,1,Y,
suck,NEG,1,Y,
sucked,NEG,1,Y,
sucker,NEG,1,Y,
sucks,NEG,1,Y,
sucky,NEG,1,Y,
sue,NEG,1,Y,
sued,NEG,1,Y,
sueing,NEG,1,Y,
sues,NEG,1,Y,
suffer,NEG,1,Y,
suffered,NEG,1,Y,
sufferer,NEG,1,Y,
sufferers,NEG,1,Y,
suffering,NEG,1,Y,
suffers,NEG,1,Y,
suffice,POS,1,Y,
sufficed,POS,1,Y,
suffices,POS,1,Y,
sufficient,POS,1,Y,
sufficiently,POS,1,Y,
suffocate,NEG,1,Y,
sugar-coat,NEG,1,Y,
sugar-coated,NEG,1,Y,
sugarcoated,NEG,1,Y,
suicidal,NEG,1,Y,
suicide,NEG,1,Y,
suitable,POS,1,Y,
sulk,NEG,1,Y,
sullen,NEG,1,Y,
sully,NEG,1,Y,
sumptuous,POS,1,Y,
sumptuously,POS,1,Y,
sumptuousness,POS,1,Y,
sunder,NEG,1,Y,
sunk,NEG,1,Y,
sunken,NEG,1,Y,
super,POS,1,Y,
superb,POS,1,Y,Y
superbly,POS,1,Y,Y
superficial,NEG,1,Y,
superficiality,NEG,1,Y,
superficially,NEG,1,Y,
superfluous,NEG,1,Y,
superior,POS,1,Y,
superiority,POS,1,Y,
superlative,POS,1,,Y
superstition,NEG,1,Y,
superstitious,NEG,1,Y,
supple,POS,1,Y,
support,POS,1,Y,
supported,POS,1,Y,
supporter,POS,1,Y,
supporting,POS,1,Y,
supportive,POS,1,Y,
supports,POS,1,Y,
suppress,NEG,1,Y,
suppression,NEG,1,Y,
supremacy,POS,1,Y,
supreme,POS,1,Y,
supremely,POS,1,Y,
supurb,POS,1,Y,
supurbly,POS,1,Y,
surmount,POS,1,Y,
surpass,POS,1,Y,
surreal,POS,1,Y,
surrender,NEG,1,Y,
survival,POS,1,Y,
survivor,POS,1,Y,
susceptible,NEG,1,Y,
suspect,NEG,1,Y,
suspicion,NEG,1,Y,
suspicions,NEG,1,Y,
suspicious,NEG,1,Y,
suspiciously,NEG,1,Y,
sustainability,POS,1,Y,
sustainable,POS,1,Y,
swagger,NEG,1,Y,
swamped,NEG,1,Y,
swank,POS,1,Y,
swankier,POS,1,Y,
swankiest,POS,1,Y,
swanky,POS,1,Y,
sweaty,NEG,1,Y,
sweeping,POS,1,Y,
sweet,POS,1,Y,
sweeten,POS,1,Y,
sweetheart,POS,1,Y,
sweetly,POS,1,Y,
sweetness,POS,1,Y,
swelled,NEG,1,Y,
swelling,NEG,1,Y,
swift,POS,1,Y,
swiftness,POS,1,Y,
swindle,NEG,1,Y,
swipe,NEG,1,Y,
swollen,NEG,1,Y,
symptom,NEG,1,Y,
symptoms,NEG,1,Y,
syndrome,NEG,1,Y,
taboo,NEG,1,Y,
tacky,NEG,1,Y,
taint,NEG,1,Y,
tainted,NEG,1,Y,
talent,POS,1,Y,
talented,POS,1,Y,
talents,POS,1,Y,
tamper,NEG,1,Y,
tangle,NEG,1,Y,
tangled,NEG,1,Y,
tangles,NEG,1,Y,
tank,NEG,1,Y,
tanked,NEG,1,Y,
tanks,NEG,1,Y,
tantalize,POS,1,Y,
tantalizing,POS,1,Y,
tantalizingly,POS,1,Y,
tantrum,NEG,1,Y,
tardy,NEG,1,Y,
tarnish,NEG,1,Y,
tarnished,NEG,1,Y,
tarnishes,NEG,1,Y,
tarnishing,NEG,1,Y,
tattered,NEG,1,Y,
taunt,NEG,1,Y,
taunting,NEG,1,Y,
tauntingly,NEG,1,Y,
taunts,NEG,1,Y,
taut,NEG,1,Y,
tawdry,NEG,1,Y,
taxing,NEG,1,Y,
tease,NEG,1,Y,
teasingly,NEG,1,Y,
tedious,NEG,1,Y,
tediously,NEG,1,Y,
temerity,NEG,1,Y,
temper,NEG,1,Y,
tempest,NEG,1,Y,
tempt,POS,1,Y,
temptation,NEG,1,Y,
tempting,POS,1,Y,
temptingly,POS,1,Y,
tenacious,POS,1,Y,
tenaciously,POS,1,Y,
tenacity,POS,1,Y,
tender,POS,1,Y,
tenderly,POS,1,Y,
tenderness,NEG,1,Y,
tense,NEG,1,Y,
tension,NEG,1,Y,
tentative,NEG,1,Y,
tentatively,NEG,1,Y,
tenuous,NEG,1,Y,
tenuously,NEG,1,Y,
tepid,NEG,1,Y,
terrible,NEG,1,Y,Y
terribleness,NEG,1,Y,
terribly,NEG,1,Y,
terrific,POS,1,Y,
terrifically,POS,1,Y,
terror,NEG,1,Y,
terror-genic,NEG,1,Y,
terrorism,NEG,1,Y,
terrorize,NEG,1,Y,
testily,NEG,1,Y,
testy,NEG,1,Y,
tetchily,NEG,1,Y,
tetchy,NEG,1,Y,
thank,POS,1,Y,
thankful,POS,1,Y,
thankless,NEG,1,Y,
thicker,NEG,1,Y,
thinner,POS,1,Y,
thirst,NEG,1,Y,
thorny,NEG,1,Y,
thoughtful,POS,1,Y,
thoughtfully,POS,1,Y,
thoughtfulness,POS,1,Y,
thoughtless,NEG,1,Y,
thoughtlessly,NEG,1,Y,
thoughtlessness,NEG,1,Y,
thrash,NEG,1,Y,
threat,NEG,1,Y,
threaten,NEG,1,Y,
threatening,NEG,1,Y,
threats,NEG,1,Y,
threesome,NEG,1,Y,
thrift,POS,1,Y,
thrifty,POS,1,Y,
thrill,POS,1,Y,
thrilled,POS,1,Y,
thrilling,POS,1,Y,
thrillingly,POS,1,Y,
thrills,POS,1,Y,
thrive,POS,1,Y,
thriving,POS,1,Y,
throb,NEG,1,Y,
throbbed,NEG,1,Y,
throbbing,NEG,1,Y,
throbs,NEG,1,Y,
throttle,NEG,1,Y,
thug,NEG,1,Y,
thumb-down,NEG,1,Y,
thumb-up,POS,1,Y,
thumbs-down,NEG,1,Y,
thumbs-up,POS,1,Y,
thwart,NEG,1,Y,
tickle,POS,1,Y,
tidy,POS,1,Y,
time-consuming,NEG,1,Y,
time-honored,POS,1,Y,
timely,POS,1,Y,
timid,NEG,1,Y,
timidity,NEG,1,Y,
timidly,NEG,1,Y,
timidness,NEG,1,Y,
tin-y,NEG,1,Y,
tingle,POS,1,Y,
tingled,NEG,1,Y,
tingling,NEG,1,Y,
tired,NEG,1,Y,
tiresome,NEG,1,Y,
tiring,NEG,1,Y,
tiringly,NEG,1,Y,
titillate,POS,1,Y,
titillating,POS,1,Y,
titillatingly,POS,1,Y,
togetherness,POS,1,Y,
toil,NEG,1,Y,
tolerable,POS,1,Y,
toll,NEG,1,Y,
toll-free,POS,1,Y,
top,POS,1,Y,
top-heavy,NEG,1,Y,
top-notch,POS,1,Y,
top-quality,POS,1,Y,
topnotch,POS,1,Y,
topple,NEG,1,Y,
tops,POS,1,Y,
torment,NEG,1,Y,
tormented,NEG,1,Y,
torrent,NEG,1,Y,
tortuous,NEG,1,Y,
torture,NEG,1,Y,
tortured,NEG,1,Y,
tortures,NEG,1,Y,
torturing,NEG,1,Y,
torturous,NEG,1,Y,
torturously,NEG,1,Y,
totalitarian,NEG,1,Y,
touchy,NEG,1,Y,
tough,POS,1,Y,
tougher,POS,1,Y,
toughest,POS,1,Y,
toughness,NEG,1,Y,
tout,NEG,1,Y,
touted,NEG,1,Y,
touts,NEG,1,Y,
toxic,NEG,1,Y,
traction,POS,1,Y,
traduce,NEG,1,Y,
tragedy,NEG,1,Y,
tragic,NEG,1,Y,
tragically,NEG,1,Y,
traitor,NEG,1,Y,
traitorous,NEG,1,Y,
traitorously,NEG,1,Y,
tramp,NEG,1,Y,
trample,NEG,1,Y,
tranquil,POS,1,Y,
tranquility,POS,1,Y,
transgress,NEG,1,Y,
transgression,NEG,1,Y,
transparent,POS,1,Y,
trap,NEG,1,Y,
traped,NEG,1,Y,
trapped,NEG,1,Y,
trash,NEG,1,Y,
trashed,NEG,1,Y,
trashy,NEG,1,Y,
trauma,NEG,1,Y,
traumatic,NEG,1,Y,
traumatically,NEG,1,Y,
traumatize,NEG,1,Y,
traumatized,NEG,1,Y,
travesties,NEG,1,Y,
travesty,NEG,1,Y,
treacherous,NEG,1,Y,
treacherously,NEG,1,Y,
treachery,NEG,1,Y,
treason,NEG,1,Y,
treasonous,NEG,1,Y,
treasure,POS,1,Y,
tremendously,POS,1,Y,
trendy,POS,1,Y,
trick,NEG,1,Y,
tricked,NEG,1,Y,
trickery,NEG,1,Y,
tricky,NEG,1,Y,
triumph,POS,1,Y,
triumphal,POS,1,Y,
triumphant,POS,1,Y,
triumphantly,POS,1,Y,
trivial,NEG,1,Y,
trivialize,NEG,1,Y,
trivially,POS,1,Y,
trophy,POS,1,Y,
trouble,NEG,1,Y,
trouble-free,POS,1,Y,
troubled,NEG,1,Y,
troublemaker,NEG,1,Y,
troubles,NEG,1,Y,
troublesome,NEG,1,Y,
troublesomely,NEG,1,Y,
troubling,NEG,1,Y,
troublingly,NEG,1,Y,
truant,NEG,1,Y,
trump,POS,1,Y,
trumpet,POS,1,Y,
trust,POS,1,Y,
trusted,POS,1,Y,
trusting,POS,1,Y,
trustingly,POS,1,Y,
trustworthiness,POS,1,Y,
trustworthy,POS,1,Y,
trusty,POS,1,Y,
truthful,POS,1,Y,
truthfully,POS,1,Y,
truthfulness,POS,1,Y,
tumble,NEG,1,Y,
tumbled,NEG,1,Y,
tumbles,NEG,1,Y,
tumultuous,NEG,1,Y,
turbulent,NEG,1,Y,
turmoil,NEG,1,Y,
twinkly,POS,1,Y,
twist,NEG,1,Y,
twisted,NEG,1,Y,
twists,NEG,1,Y,
two-faced,NEG,1,Y,
two-faces,NEG,1,Y,
tyrannical,NEG,1,Y,
tyrannically,NEG,1,Y,
tyranny,NEG,1,Y,
tyrant,NEG,1,Y,
ugh,NEG,1,Y,
uglier,NEG,1,Y,
ugliest,NEG,1,Y,
ugliness,NEG,1,Y,
ugly,NEG,1,Y,Y
ulterior,NEG,1,Y,
ultimatum,NEG,1,Y,
ultimatums,NEG,1,Y,
ultra-crisp,POS,1,Y,
ultra-hardline,NEG,1,Y,
un-viewable,NEG,1,Y,
unabashed,POS,1,Y,
unabashedly,POS,1,Y,
unable,NEG,1,Y,
unacceptable,NEG,1,Y,
unacceptablely,NEG,1,Y,
unacceptably,NEG,1,Y,
unaccessible,NEG,1,Y,
unaccustomed,NEG,1,Y,
unachievable,NEG,1,Y,
unaffected,POS,1,Y,
unaffordable,NEG,1,Y,
unappealing,NEG,1,Y,
unassailable,POS,1,Y,
unattractive,NEG,1,Y,
unauthentic,NEG,1,Y,
unavailable,NEG,1,Y,
unavoidably,NEG,1,Y,
unbearable,NEG,1,Y,
unbearablely,NEG,1,Y,
unbeatable,POS,1,Y,
unbelievable,NEG,1,Y,
unbelievably,NEG,1,Y,
unbiased,POS,1,Y,
unbound,POS,1,Y,
uncaring,NEG,1,Y,
uncertain,NEG,1,Y,
uncivil,NEG,1,Y,
uncivilized,NEG,1,Y,
unclean,NEG,1,Y,
unclear,NEG,1,Y,
uncollectible,NEG,1,Y,
uncomfortable,NEG,1,Y,
uncomfortably,NEG,1,Y,
uncomfy,NEG,1,Y,
uncompetitive,NEG,1,Y,
uncomplicated,POS,1,Y,
uncompromising,NEG,1,Y,
uncompromisingly,NEG,1,Y,
unconditional,POS,1,Y,
unconfirmed,NEG,1,Y,
unconstitutional,NEG,1,Y,
uncontrolled,NEG,1,Y,
unconvincing,NEG,1,Y,
unconvincingly,NEG,1,Y,
uncooperative,NEG,1,Y,
uncouth,NEG,1,Y,
uncreative,NEG,1,Y,
undamaged,POS,1,Y,
undaunted,POS,1,Y,
undecided,NEG,1,Y,
undefined,NEG,1,Y,
undependability,NEG,1,Y,
undependable,NEG,1,Y,
undercut,NEG,1,Y,
undercuts,NEG,1,Y,
undercutting,NEG,1,Y,
underdog,NEG,1,Y,
underestimate,NEG,1,Y,
underlings,NEG,1,Y,
undermine,NEG,1,Y,
undermined,NEG,1,Y,
undermines,NEG,1,Y,
undermining,NEG,1,Y,
underpaid,NEG,1,Y,
underpowered,NEG,1,Y,
undersized,NEG,1,Y,
understandable,POS,1,Y,
undesirable,NEG,1,Y,
undetermined,NEG,1,Y,
undid,NEG,1,Y,
undignified,NEG,1,Y,
undisputable,POS,1,Y,
undisputably,POS,1,Y,
undisputed,POS,1,Y,
undissolved,NEG,1,Y,
undocumented,NEG,1,Y,
undone,NEG,1,Y,
undue,NEG,1,Y,
unease,NEG,1,Y,
uneasily,NEG,1,Y,
uneasiness,NEG,1,Y,
uneasy,NEG,1,Y,
uneconomical,NEG,1,Y,
unemployed,NEG,1,Y,
unencumbered,POS,1,Y,
unequal,NEG,1,Y,
unequivocal,POS,1,Y,
unequivocally,POS,1,Y,
unethical,NEG,1,Y,
uneven,NEG,1,Y,
uneventful,NEG,1,Y,
unexpected,NEG,1,Y,
unexpectedly,NEG,1,Y,
unexplained,NEG,1,Y,
unfairly,NEG,1,Y,
unfaithful,NEG,1,Y,
unfaithfully,NEG,1,Y,
unfamiliar,NEG,1,Y,
unfavorable,NEG,1,Y,
unfazed,POS,1,Y,
unfeeling,NEG,1,Y,
unfettered,POS,1,Y,
unfinished,NEG,1,Y,
unfit,NEG,1,Y,
unforeseen,NEG,1,Y,
unforgettable,POS,1,Y,
unforgiving,NEG,1,Y,
unfortunate,NEG,1,Y,
unfortunately,NEG,1,Y,
unfounded,NEG,1,Y,
unfriendly,NEG,1,Y,
unfulfilled,NEG,1,Y,
unfunded,NEG,1,Y,
ungovernable,NEG,1,Y,
ungrateful,NEG,1,Y,
unhappily,NEG,1,Y,
unhappiness,NEG,1,Y,
unhappy,NEG,1,Y,
unhealthy,NEG,1,Y,
unhelpful,NEG,1,Y,
unilateralism,NEG,1,Y,
unimaginable,NEG,1,Y,
unimaginably,NEG,1,Y,
unimportant,NEG,1,Y,
uninformed,NEG,1,Y,
uninsured,NEG,1,Y,
unintelligible,NEG,1,Y,
unintelligile,NEG,1,Y,
unipolar,NEG,1,Y,
unity,POS,1,Y,
unjust,NEG,1,Y,
unjustifiable,NEG,1,Y,
unjustifiably,NEG,1,Y,
unjustified,NEG,1,Y,
unjustly,NEG,1,Y,
unkind,NEG,1,Y,
unkindly,NEG,1,Y,
unknown,NEG,1,Y,
unlamentable,NEG,1,Y,
unlamentably,NEG,1,Y,
unlawful,NEG,1,Y,
unlawfully,NEG,1,Y,
unlawfulness,NEG,1,Y,
unleash,NEG,1,Y,
unlicensed,NEG,1,Y,
unlikely,NEG,1,Y,
unlimited,POS,1,Y,
unlucky,NEG,1,Y,
unmatched,POS,1,Y,
unmoved,NEG,1,Y,
unnatural,NEG,1,Y,
unnaturally,NEG,1,Y,
unnecessary,NEG,1,Y,
unneeded,NEG,1,Y,
unnerve,NEG,1,Y,
unnerved,NEG,1,Y,
unnerving,NEG,1,Y,
unnervingly,NEG,1,Y,
unnoticed,NEG,1,Y,
unobserved,NEG,1,Y,
unorthodox,NEG,1,Y,
unorthodoxy,NEG,1,Y,
unparalleled,POS,1,Y,
unpleasant,NEG,1,Y,Y
unpleasantries,NEG,1,Y,
unpopular,NEG,1,Y,
unpredictable,NEG,1,Y,
unprepared,NEG,1,Y,
unproductive,NEG,1,Y,
unprofessional,NEG,1,,Y
unprofitable,NEG,1,Y,
unprove,NEG,1,Y,
unproved,NEG,1,Y,
unproven,NEG,1,Y,
unproves,NEG,1,Y,
unproving,NEG,1,Y,
unqualified,NEG,1,Y,
unquestionable,POS,1,Y,
unquestionably,POS,1,Y,
unravel,NEG,1,Y,
unraveled,NEG,1,Y,
unreachable,NEG,1,Y,
unreadable,NEG,1,Y,
unreal,POS,1,Y,
unrealistic,NEG,1,Y,
unreasonable,NEG,1,Y,Y
unreasonably,NEG,1,Y,
unrelenting,NEG,1,Y,
unrelentingly,NEG,1,Y,
unreliability,NEG,1,Y,
unreliable,NEG,1,Y,
unresolved,NEG,1,Y,
unresponsive,NEG,1,Y,
unrest,NEG,1,Y,
unrestricted,POS,1,Y,
unrivaled,POS,1,Y,
unruly,NEG,1,Y,
unsafe,NEG,1,Y,
unsatisfactory,NEG,1,Y,
unsavory,NEG,1,Y,
unscrupulous,NEG,1,Y,
unscrupulously,NEG,1,Y,
unsecure,NEG,1,Y,
unseemly,NEG,1,Y,
unselfish,POS,1,Y,
unsettle,NEG,1,Y,
unsettled,NEG,1,Y,
unsettling,NEG,1,Y,
unsettlingly,NEG,1,Y,
unskilled,NEG,1,Y,
unsophisticated,NEG,1,Y,
unsound,NEG,1,Y,
unspeakable,NEG,1,Y,
unspeakablely,NEG,1,Y,
unspecified,NEG,1,Y,
unstable,NEG,1,Y,
unsteadily,NEG,1,Y,
unsteadiness,NEG,1,Y,
unsteady,NEG,1,Y,
unsuccessful,NEG,1,Y,
unsuccessfully,NEG,1,Y,
unsupported,NEG,1,Y,
unsupportive,NEG,1,Y,
unsure,NEG,1,Y,
unsuspecting,NEG,1,Y,
unsustainable,NEG,1,Y,
untenable,NEG,1,Y,
untested,NEG,1,Y,
unthinkable,NEG,1,Y,
unthinkably,NEG,1,Y,
untimely,NEG,1,Y,
untouched,NEG,1,Y,
untrue,NEG,1,Y,
untrustworthy,NEG,1,Y,
untruthful,NEG,1,Y,
unusable,NEG,1,Y,
unusably,NEG,1,Y,
unuseable,NEG,1,Y,
unuseably,NEG,1,Y,
unusual,NEG,1,Y,
unusually,NEG,1,Y,
unviewable,NEG,1,Y,
unwanted,NEG,1,Y,
unwarranted,NEG,1,Y,
unwatchable,NEG,1,Y,
unwavering,POS,1,Y,
unwelcome,NEG,1,Y,
unwell,NEG,1,Y,
unwieldy,NEG,1,Y,
unwilling,NEG,1,Y,
unwillingly,NEG,1,Y,
unwillingness,NEG,1,Y,
unwise,NEG,1,Y,
unwisely,NEG,1,Y,
unworkable,NEG,1,Y,
unworthy,NEG,1,Y,
unyielding,NEG,1,Y,
upbeat,POS,1,Y,
upbraid,NEG,1,Y,
upgradable,POS,1,Y,
upgradeable,POS,1,Y,
upgraded,POS,1,Y,
upheaval,NEG,1,Y,
upheld,POS,1,Y,
uphold,POS,1,Y,
uplift,POS,1,Y,
uplifting,POS,1,Y,
upliftingly,POS,1,Y,
upliftment,POS,1,Y,
uprising,NEG,1,Y,
uproar,NEG,1,Y,
uproarious,NEG,1,Y,
uproariously,NEG,1,Y,
uproarous,NEG,1,Y,
uproarously,NEG,1,Y,
uproot,NEG,1,Y,
upscale,POS,1,Y,
upset,NEG,1,Y,
upseting,NEG,1,Y,
upsets,NEG,1,Y,
upsetting,NEG,1,Y,
upsettingly,NEG,1,Y,
urgent,NEG,1,Y,
usable,POS,1,Y,
useable,POS,1,Y,
useful,POS,1,Y,
useless,NEG,1,Y,Y
user-friendly,POS,1,Y,
user-replaceable,POS,1,Y,
usurp,NEG,1,Y,
usurper,NEG,1,Y,
utterly,NEG,1,Y,
vagrant,NEG,1,Y,
vague,NEG,1,Y,
vagueness,NEG,1,Y,
vain,NEG,1,Y,
vainly,NEG,1,Y,
valiant,POS,1,Y,
valiantly,POS,1,Y,
valor,POS,1,Y,
valuable,POS,1,Y,
vanity,NEG,1,Y,
variety,POS,1,Y,
vehement,NEG,1,Y,
vehemently,NEG,1,Y,
venerate,POS,1,Y,
vengeance,NEG,1,Y,
vengeful,NEG,1,Y,
vengefully,NEG,1,Y,
vengefulness,NEG,1,Y,
venom,NEG,1,Y,
venomous,NEG,1,Y,
venomously,NEG,1,Y,
vent,NEG,1,Y,
verifiable,POS,1,Y,
veritable,POS,1,Y,
versatile,POS,1,Y,
versatility,POS,1,Y,
vestiges,NEG,1,Y,
vex,NEG,1,Y,
vexation,NEG,1,Y,
vexing,NEG,1,Y,
vexingly,NEG,1,Y,
vibrant,POS,1,Y,
vibrantly,POS,1,Y,
vibrate,NEG,1,Y,
vibrated,NEG,1,Y,
vibrates,NEG,1,Y,
vibrating,NEG,1,Y,
vibration,NEG,1,Y,
vice,NEG,1,Y,
vicious,NEG,1,Y,
viciously,NEG,1,Y,
viciousness,NEG,1,Y,
victimize,NEG,1,Y,
victorious,POS,1,Y,
victory,POS,1,Y,
viewable,POS,1,Y,
vigilance,POS,1,Y,
vigilant,POS,1,Y,
vile,NEG,1,Y,
vileness,NEG,1,Y,
vilify,NEG,1,Y,
villainous,NEG,1,Y,
villainously,NEG,1,Y,
villains,NEG,1,Y,
villian,NEG,1,Y,
villianous,NEG,1,Y,
villianously,NEG,1,Y,
villify,NEG,1,Y,
vindictive,NEG,1,Y,
vindictively,NEG,1,Y,
vindictiveness,NEG,1,Y,
violate,NEG,1,Y,
violation,NEG,1,Y,
violator,NEG,1,Y,
violators,NEG,1,Y,
violent,NEG,1,Y,
violently,NEG,1,Y,
viper,NEG,1,Y,
virtue,POS,1,Y,
virtuous,POS,1,Y,
virtuously,POS,1,Y,
virulence,NEG,1,Y,
virulent,NEG,1,Y,
virulently,NEG,1,Y,
virus,NEG,1,Y,
visionary,POS,1,Y,
vivacious,POS,1,Y,
vivid,POS,1,Y,
vociferous,NEG,1,Y,
vociferously,NEG,1,Y,
volatile,NEG,1,Y,
volatility,NEG,1,Y,
vomit,NEG,1,Y,
vomited,NEG,1,Y,
vomiting,NEG,1,Y,
vomits,NEG,1,Y,
vouch,POS,1,Y,
vouchsafe,POS,1,Y,
vulgar,NEG,1,Y,
vulnerable,NEG,1,Y,
wack,NEG,1,Y,
wail,NEG,1,Y,
wallow,NEG,1,Y,
wane,NEG,1,Y,
waning,NEG,1,Y,
wanton,NEG,1,Y,
war-like,NEG,1,Y,
warily,NEG,1,Y,
wariness,NEG,1,Y,
warlike,NEG,1,Y,
warm,POS,1,Y,
warmer,POS,1,Y,
warmhearted,POS,1,Y,
warmly,POS,1,Y,
warmth,POS,1,Y,
warned,NEG,1,Y,
warning,NEG,1,Y,
warp,NEG,1,Y,
warped,NEG,1,Y,
wary,NEG,1,Y,
washed-out,NEG,1,Y,
waste,NEG,1,Y,
wasted,NEG,1,Y,
wasteful,NEG,1,Y,
wastefulness,NEG,1,Y,
wasting,NEG,1,Y,
water-down,NEG,1,Y,
watered-down,NEG,1,Y,
wayward,NEG,1,Y,
weak,NEG,1,Y,
weaken,NEG,1,Y,
weakening,NEG,1,Y,
weaker,NEG,1,Y,
weakness,NEG,1,Y,
weaknesses,NEG,1,Y,
wealthy,POS,1,Y,
weariness,NEG,1,Y,
wearisome,NEG,1,Y,
weary,NEG,1,Y,
wedge,NEG,1,Y,
weed,NEG,1,Y,
weep,NEG,1,Y,
weird,NEG,1,Y,
weirdly,NEG,1,Y,
welcome,POS,1,Y,
well,POS,1,Y,
well-backlit,POS,1,Y,
well-balanced,POS,1,Y,
well-behaved,POS,1,Y,
well-being,POS,1,Y,
well-bred,POS,1,Y,
well-connected,POS,1,Y,
well-educated,POS,1,Y,
well-established,POS,1,Y,
well-informed,POS,1,Y,
well-intentioned,POS,1,Y,
well-known,POS,1,Y,
well-made,POS,1,Y,
well-managed,POS,1,Y,
well-mannered,POS,1,Y,
well-positioned,POS,1,Y,
well-received,POS,1,Y,
well-regarded,POS,1,Y,
well-rounded,POS,1,Y,
well-run,POS,1,Y,
well-wishers,POS,1,Y,
wellbeing,POS,1,Y,
wheedle,NEG,1,Y,
whimper,NEG,1,Y,
whine,NEG,1,Y,
whining,NEG,1,Y,
whiny,NEG,1,Y,
whips,NEG,1,Y,
whoa,POS,1,Y,
wholeheartedly,POS,1,Y,
wholesome,POS,1,Y,
whooa,POS,1,Y,
whoooa,POS,1,Y,
whore,NEG,1,Y,
whores,NEG,1,Y,
wicked,NEG,1,Y,
wickedly,NEG,1,Y,
wickedness,NEG,1,Y,
wieldy,POS,1,Y,
wild,NEG,1,Y,
wildly,NEG,1,Y,
wiles,NEG,1,Y,
willing,POS,1,Y,
willingly,POS,1,Y,
willingness,POS,1,Y,
wilt,NEG,1,Y,
wily,NEG,1,Y,
wimpy,NEG,1,Y,
win,POS,1,Y,
wince,NEG,1,Y,
windfall,POS,1,Y,
winnable,POS,1,Y,
winner,POS,1,Y,
winners,POS,1,Y,
winning,POS,1,Y,
wins,POS,1,Y,
wisdom,POS,1,Y,
wise,POS,1,Y,
wisely,POS,1,Y,
witty,POS,1,Y,
wobble,NEG,1,Y,
wobbled,NEG,1,Y,
wobbles,NEG,1,Y,
woe,NEG,1,Y,
woebegone,NEG,1,Y,
woeful,NEG,1,Y,
woefully,NEG,1,Y,
womanizer,NEG,1,Y,
womanizing,NEG,1,Y,
won,POS,1,Y,
wonder,POS,1,Y,
wonderful,POS,1,Y,Y
wonderfully,POS,1,Y,Y
wonderous,POS,1,Y,
wonderously,POS,1,Y,
wonders,POS,1,Y,
wondrous,POS,1,Y,
woo,POS,1,Y,
work,POS,1,Y,
workable,POS,1,Y,
worked,POS,1,Y,
works,POS,1,Y,
world-famous,POS,1,Y,
worn,NEG,1,Y,
worried,NEG,1,Y,
worriedly,NEG,1,Y,
worrier,NEG,1,Y,
worries,NEG,1,Y,
worrisome,NEG,1,Y,
worry,NEG,1,Y,
worrying,NEG,1,Y,
worryingly,NEG,1,Y,
worse,NEG,1,Y,
worsen,NEG,1,Y,
worsening,NEG,1,Y,
worst,NEG,1,Y,Y
worth,POS,1,Y,
worth-while,POS,1,Y,
worthiness,POS,1,Y,
worthless,NEG,1,Y,Y
worthlessly,NEG,1,Y,
worthlessness,NEG,1,Y,
worthwhile,POS,1,Y,
worthy,POS,1,Y,
wound,NEG,1,Y,
wounds,NEG,1,Y,
wow,POS,1,Y,
wowed,POS,1,Y,
wowing,POS,1,Y,
wows,POS,1,Y,
wrangle,NEG,1,Y,
wrath,NEG,1,Y,
wreak,NEG,1,Y,
wreaked,NEG,1,Y,
wreaks,NEG,1,Y,
wreck,NEG,1,Y,
wrest,NEG,1,Y,
wrestle,NEG,1,Y,
wretch,NEG,1,Y,
wretched,NEG,1,Y,
wretchedly,NEG,1,Y,
wretchedness,NEG,1,Y,
wrinkle,NEG,1,Y,
wrinkled,NEG,1,Y,
wrinkles,NEG,1,Y,
wrip,NEG,1,Y,
wripped,NEG,1,Y,
wripping,NEG,1,Y,
writhe,NEG,1,Y,
wrong,NEG,1,Y,
wrongful,NEG,1,Y,
wrongly,NEG,1,Y,
wrought,NEG,1,Y,
yawn,NEG,1,Y,
yay,POS,1,Y,
youthful,POS,1,Y,
zap,NEG,1,Y,
zapped,NEG,1,Y,
zaps,NEG,1,Y,
zeal,POS,1,Y,
zealot,NEG,1,Y,
zealous,NEG,1,Y,
zealously,NEG,1,Y,
zenith,POS,1,Y,
zest,POS,1,Y,
zippy,POS,1,Y,
zombie,NEG,1,Y,
FALSE,NEG,1,Y,